236
122
24
271
176
130
204
252
82
276
280
211
84
133
239
322
3
175
170
170
254
231
127
285
188
23
73
288
119
48
200
313
199
53
344
56
118
188
26
134
270
135
223
170
88
339
108
169
62
275
88
213
83
28
242
214
307
20
207
339
308
186
322
128
334
238
67
78
345
315
317
98
339
24
27
197
109
252
170
82
203
105
232
64
239
248
73
224
283
144
119
290
172
119
285
300
236
346
184
159
53
149
83
332
25
342
238
17
80
325
224
161
122
161
142
308
136
271
255
48
3
246
109
109
239
272
200
285
271
31
326
284
140
56
343
25
345
297
343
320
200
185
7
326
104
339
308
324
9
1
21
119
345
280
313
277
56
9
85
111
14
310
304
199
92
72
284
125
134
9
302
332
40
212
200
82
270
308
261
146
188
57
168
199
332
169
213
248
98
56
310
199
239
21
176
175
203
265
26
339
172
31
311
309
330
230
272
21
24
40
261
239
304
277
224
142
72
313
261
276
109
288
329
194
223
290
261
36
291
342
21
108
3
168
67
323
261
55
13
322
258
285
80
265
252
62
313
196
323
82
141
342
304
136
325
211
304
254
92
30
274
28
271
286
144
265
249
341
174
33
312
199
9
168
67
1
115
333
332
291
119
271
135
258
285
330
263
212
238
284
111
141
66
313
84
139
25
252
200
59
162
304
185
252
25
56
158
238
56
199
271
63
62
302
19
98
28
249
239
332
265
303
339
119
239
313
200
104
75
137
272
218
261
314
57
21
7
139
5
55
80
178
186
304
192
203
285
122
104
312
302
236
304
266
3
243
211
195
8
297
113
10
129
56
248
273
115
36
129
242
343
21
226
40
172
326
134
332
3
331
150
101
203
231
265
99
322
296
118
238
117
312
304
105
204
315
284
239
312
277
340
98
172
128
313
98
299
122
324
291
13
104
261
265
163
116
92
26
165
3
149
328
172
303
56
122
46
249
73
272
53
199
248
24
196
304
87
323
323
189
280
115
25
186
30
60
197
334
304
259
346
186
200
185
184
149
285
185
13
204
109
169
194
85
67
98
123
118
45
80
162
272
271
67
13
115
230
58
46
25
80
135
203
113
116
275
285
314
279
126
36
137
140
130
302
315
101
23
92
2
72
323
91
143
200
257
331
142
188
239
23
325
204
346
223
56
113
26
285
290
93
276
96
41
188
203
200
232
235
6
171
257
224
271
187
141
113
56
59
40
158
211
285
119
26
40
143
56
45
212
285
301
21
326
281
281
109
25
59
92
122
322
277
290
167
250
106
274
249
118
111
252
56
80
252
104
94
141
325
322
96
158
199
134
280
254
329
297
100
110
266
171
322
72
344
184
119
257
277
332
329
225
232
291
53
315
322
181
141
180
26
45
332
303
250
3
98
185
172
295
325
252
323
188
55
137
224
194
295
17
266
232
249
200
323
203
259
161
119
238
197
105
291
289
195
313
108
98
260
346
271
334
172
299
65
1
175
261
10
185
67
203
329
203
212
80
161
170
176
225
324
98
318
291
38
156
31
123
251
19
53
203
89
235
68
227
281
280
144
126
315
232
131
103
119
200
7
132
239
231
21
194
109
127
322
123
299
144
149
56
144
98
31
272
118
232
13
184
200
203
280
177
236
26
331
298
262
314
127
94
186
41
118
185
161
199
299
175
325
87
239
302
252
142
88
16
20
3
57
278
251
44
143
50
203
72
72
252
280
254
161
86
328
91
248
9
258
303
82
97
113
53
23
186
184
239
54
291
188
62
128
170
143
188
25
56
40
123
284
331
303
25
136
104
124
174
85
325
290
3
300
109
251
218
9
128
26
252
149
111
119
68
186
128
330
211
72
67
257
236
213
21
329
224
31
67
115
273
332
26
13
159
92
207
278
115
315
56
26
135
232
172
159
68
231
23
322
141
266
176
162
304
237
169
322
1
133
115
313
304
90
346
113
142
9
75
148
320
118
280
14
281
239
9
173
30
187
56
260
165
88
103
56
188
73
272
24
67
271
172
57
118
67
211
278
113
320
194
134
51
322
56
67
199
25
56
315
266
133
243
177
65
24
243
265
249
119
85
187
309
36
87
322
28
177
239
187
299
280
31
56
179
48
3
203
53
98
56
313
8
126
22
21
67
25
83
188
137
341
271
315
312
157
121
232
249
3
297
128
218
239
21
152
340
312
327
2
59
248
249
184
59
324
82
322
169
56
252
224
120
334
325
226
119
280
277
118
9
148
248
325
323
170
197
24
342
141
298
141
285
22
343
128
178
213
340
334
342
67
277
78
330
25
67
29
291
122
142
119
194
176
159
299
13
103
266
102
257
66
94
59
143
69
239
142
332
313
177
72
324
50
269
277
40
178
346
21
325
342
148
170
141
200
161
9
324
108
119
280
21
94
45
1
136
67
123
115
26
199
227
322
203
200
116
185
115
30
276
341
274
98
142
21
211
80
186
315
196
194
242
257
276
304
204
277
96
345
230
56
204
141
150
247
25
242
186
56
246
223
73
185
50
276
282
31
211
148
211
184
344
338
29
176
55
69
277
338
271
213
304
72
48
127
56
208
312
72
40
98
127
122
319
242
266
328
322
94
21
339
172
48
188
199
317
170
274
248
186
161
291
25
277
86
211
100
246
21
170
226
334
190
322
199
318
188
113
297
264
326
113
339
104
346
236
239
199
67
347
188
127
25
272
233
326
26
239
333
133
197
104
84
223
302
242
188
342
85
125
272
239
45
303
103
5
297
199
196
195
238
142
347
67
315
170
128
111
62
14
313
92
21
48
180
29
40
239
252
104
333
36
257
203
248
303
56
59
327
186
85
161
265
175
272
236
329
99
106
325
156
17
180
119
82
166
95
172
178
332
130
342
113
277
284
324
272
142
131
322
62
204
5
271
338
20
275
1
308
188
55
261
98
161
203
2
242
31
119
297
142
269
346
7
67
271
22
332
82
272
252
155
69
20
133
9
168
236
53
231
19
158
84
53
275
203
144
64
4
237
55
185
13
199
277
297
346
108
178
213
82
221
56
200
56
326
181
56
147
185
212
67
13
54
40
239
304
109
343
271
261
249
236
25
276
306
222
315
112
142
133
9
146
329
268
304
186
169
101
291
20
300
291
148
150
62
142
186
82
94
119
44
276
313
53
26
297
67
168
170
329
226
59
56
232
194
169
30
21
302
237
243
109
175
323
30
67
121
271
308
324
172
324
148
226
297
28
104
116
9
9
92
320
331
21
55
76
218
62
158
69
291
324
17
87
109
108
30
186
249
342
54
25
188
315
25
242
119
108
26
203
342
44
142
138
339
324
285
265
323
299
242
285
252
51
214
252
161
248
56
217
236
116
325
320
186
257
53
295
13
265
334
254
223
21
174
213
9
315
129
251
88
240
325
285
98
224
297
29
130
1
221
98
315
54
164
87
334
272
309
122
331
119
22
119
158
271
323
103
204
227
329
341
226
197
262
334
265
44
272
67
169
149
341
315
56
325
31
130
95
186
325
57
206
322
226
77
31
325
109
67
181
161
88
136
170
130
80
322
53
91
14
188
194
53
67
172
20
248
308
197
96
98
211
150
224
304
310
132
105
21
219
245
308
265
315
41
284
106
169
67
26
156
101
277
258
19
304
271
239
222
332
312
328
110
170
66
341
200
199
67
134
115
94
227
67
39
118
220
261
252
189
339
218
313
101
101
49
59
169
67
134
30
322
119
100
111
122
94
346
322
293
56
203
314
158
118
239
223
184
311
208
56
239
56
272
199
9
88
185
331
310
25
200
184
72
285
299
56
322
13
322
334
5
119
60
89
9
337
141
322
28
203
200
176
7
21
129
204
252
64
119
119
73
9
142
213
271
99
280
251
312
186
277
120
26
315
1
144
239
339
5
252
125
224
99
136
236
56
82
265
41
88
325
332
313
199
280
324
188
132
130
75
291
6
194
142
21
8
88
271
48
25
94
299
175
113
186
104
302
334
304
313
203
118
30
310
303
153
303
264
105
199
224
25
104
274
339
122
308
186
40
224
161
111
252
203
189
203
338
308
280
169
67
178
156
194
280
26
307
204
248
104
186
189
128
136
132
199
150
128
239
308
26
122
36
293
277
115
41
315
280
251
26
169
53
199
109
236
25
339
186
236
313
285
332
142
252
296
36
40
212
217
53
170
118
122
271
130
118
322
75
161
291
77
143
3
297
342
167
214
132
26
98
64
259
19
25
265
24
119
238
56
75
143
234
330
172
62
345
127
25
304
136
38
261
186
200
56
200
200
9
122
105
4
204
139
62
40
285
96
118
91
26
158
315
271
67
200
180
101
115
185
13
213
68
186
213
67
214
9
252
24
318
92
122
297
100
56
261
322
122
154
236
75
26
21
249
344
344
14
13
178
211
60
186
203
8
271
342
82
7
322
123
211
13
187
322
113
261
104
198
142
116
295
169
211
344
84
329
122
53
122
67
82
48
346
40
109
152
59
68
180
296
101
165
126
21
17
82
342
297
142
291
342
178
109
128
72
342
321
271
144
48
322
298
21
67
343
221
134
132
304
285
315
304
26
204
32
41
101
182
111
261
329
295
148
346
88
67
172
188
197
103
185
213
53
101
67
266
315
280
304
20
332
252
9
79
26
56
277
330
204
13
113
211
141
118
91
280
94
67
137
50
168
31
196
213
254
303
227
291
186
331
277
312
93
196
266
148
13
169
4
80
26
127
223
113
213
204
113
261
303
309
165
236
103
310
227
325
332
285
186
239
169
334
134
89
325
119
329
79
336
9
261
21
314
106
140
299
82
203
19
26
170
161
104
1
232
39
53
277
169
67
346
322
322
45
277
141
1
115
189
180
223
236
203
339
277
304
26
40
26
232
271
308
200
312
50
280
137
257
103
49
170
56
40
329
313
56
122
41
23
118
108
315
285
118
8
277
332
227
212
57
56
186
40
310
196
271
41
261
320
123
50
67
272
56
103
170
328
41
280
223
79
203
334
313
119
229
309
229
67
187
170
110
268
81
104
141
25
200
158
159
109
212
29
304
310
315
332
284
244
102
322
261
150
85
341
195
122
232
236
330
104
186
332
99
77
324
122
82
331
236
156
159
19
277
249
136
50
281
200
337
290
242
325
30
212
119
294
40
308
252
9
109
40
144
98
158
180
122
169
147
166
151
40
271
315
67
99
323
254
312
132
324
67
248
322
109
230
223
159
56
253
20
94
67
170
130
272
115
195
302
142
281
252
14
140
214
32
130
171
225
330
222
21
304
238
302
267
312
98
203
308
342
338
143
315
98
231
325
285
239
239
171
277
226
274
122
281
280
249
239
214
325
186
246
148
315
330
290
36
104
284
310
25
277
325
68
113
100
19
320
314
211
297
251
40
26
39
9
320
144
232
252
118
25
27
25
26
228
343
131
169
345
5
57
222
172
304
53
261
177
224
65
249
113
141
127
113
165
223
271
342
329
26
302
203
275
17
56
82
277
119
169
111
172
122
268
313
161
314
332
252
59
172
322
2
313
300
269
25
128
85
132
203
254
332
25
3
92
299
202
119
172
146
303
315
315
231
41
25
322
26
172
142
25
131
323
142
324
202
252
9
122
113
65
322
141
9
277
273
200
346
297
109
105
98
188
25
1
170
113
158
323
122
94
271
276
329
331
110
249
203
203
290
339
73
117
315
167
242
5
23
271
242
217
109
146
180
78
242
277
285
271
30
224
299
162
236
67
326
342
265
122
55
329
51
28
88
273
21
21
87
337
252
113
24
213
40
322
315
341
21
136
181
119
304
40
342
41
98
251
304
271
67
66
30
188
231
172
135
307
56
204
123
161
57
25
146
41
80
101
40
285
133
51
169
281
322
7
49
62
119
274
136
140
285
4
101
239
314
113
176
322
25
203
259
197
140
139
167
345
319
304
172
304
81
120
21
266
226
203
199
225
211
67
122
252
227
252
146
224
56
317
342
315
346
203
148
188
148
322
277
341
9
7
135
122
277
79
196
325
257
332
21
4
133
271
102
53
118
200
199
151
57
211
218
186
252
200
72
7
322
128
272
98
337
291
272
277
84
211
79
258
343
271
324
82
192
122
323
304
285
212
123
26
315
248
94
136
134
242
239
290
328
339
26
342
268
214
7
311
186
239
177
169
93
159
67
109
29
55
56
315
57
122
301
165
185
180
312
98
9
61
254
271
115
133
103
122
98
334
22
190
334
109
252
315
185
26
211
122
14
9
224
268
223
147
275
325
246
285
309
238
272
272
75
75
325
62
168
158
170
108
93
254
55
277
9
320
180
94
272
271
172
274
115
172
246
295
184
252
69
137
322
5
82
98
87
277
200
149
137
332
289
252
118
48
122
188
285
245
195
141
224
193
224
25
40
55
231
85
271
239
165
319
322
200
158
103
118
302
329
199
315
67
26
25
239
322
261
28
98
271
266
67
10
113
304
272
178
222
322
103
239
304
21
19
186
41
213
172
188
284
227
285
187
21
73
200
325
104
119
213
314
214
232
121
342
331
252
122
325
239
62
84
67
302
25
225
238
26
304
82
237
21
242
226
342
246
200
298
121
119
31
19
302
319
239
67
263
192
258
238
39
212
203
75
329
113
272
236
313
291
223
40
4
131
169
67
170
188
136
20
119
340
151
188
47
228
58
142
237
127
142
187
245
204
304
65
62
346
345
304
313
232
147
21
55
67
13
63
95
127
40
188
21
236
221
21
330
304
271
180
40
284
113
312
252
118
235
25
322
59
52
264
285
172
100
21
106
222
318
132
67
75
40
323
126
200
123
26
322
312
213
162
170
66
239
59
136
61
204
98
217
2
291
280
199
160
272
128
331
315
26
80
186
169
223
278
285
130
109
243
276
196
88
231
71
122
161
165
16
252
94
84
342
161
325
324
266
17
20
122
169
277
200
291
271
21
170
296
130
299
20
67
345
109
311
263
213
23
313
6
128
236
298
25
304
346
199
25
83
67
289
30
121
133
80
172
277
346
16
119
252
347
25
320
99
159
23
299
45
227
146
249
212
332
200
139
274
9
19
116
25
333
26
92
334
226
99
246
59
130
334
199
132
245
94
62
188
28
201
306
113
67
142
285
56
150
239
119
261
135
84
109
277
252
313
181
13
277
21
121
265
231
203
185
142
304
184
109
249
315
332
4
65
182
252
312
266
194
36
28
299
277
322
272
197
213
313
323
257
258
89
121
261
87
39
139
305
280
320
332
108
322
62
116
88
163
313
315
14
199
252
135
204
40
329
66
113
191
256
322
186
128
304
333
308
252
28
318
38
80
21
25
25
322
285
141
134
173
329
285
29
103
272
72
57
194
236
230
199
252
95
116
82
162
323
297
9
239
323
136
341
161
72
84
9
118
67
54
304
159
99
280
213
203
170
13
109
258
285
277
320
322
31
344
313
53
170
94
330
303
323
173
276
62
26
137
98
268
345
304
226
180
151
175
325
343
296
54
109
122
71
123
329
141
104
67
281
99
99
156
291
142
10
148
117
137
169
172
23
343
320
214
129
291
117
314
92
98
122
122
116
291
291
214
281
21
261
6
291
271
100
185
16
185
118
346
223
60
297
118
30
224
261
203
175
28
313
194
119
79
239
188
118
168
271
108
40
212
252
284
29
101
21
196
25
290
232
128
213
252
248
9
277
283
180
322
105
158
249
200
103
236
102
211
326
25
148
271
16
106
115
104
268
56
252
56
115
224
297
323
169
271
271
304
20
172
331
122
332
92
48
273
273
13
252
345
9
254
122
320
213
139
271
211
278
128
214
46
56
239
249
252
236
199
157
167
26
329
82
98
56
122
339
78
141
72
291
31
82
322
252
186
239
172
123
252
1
271
122
25
48
31
23
26
322
130
312
208
223
159
116
238
39
227
136
38
109
225
318
25
7
291
161
141
248
21
197
231
169
72
310
22
223
272
67
2
55
105
77
132
84
171
308
79
40
142
143
105
200
276
332
101
68
176
128
222
142
200
219
252
324
261
62
161
122
172
257
303
322
93
203
104
343
342
322
342
303
25
134
203
323
22
53
232
113
41
23
142
75
236
323
338
331
200
17
339
13
101
41
67
13
271
54
17
104
243
67
134
50
31
239
26
75
236
188
56
277
156
188
146
92
261
219
213
7
163
51
155
299
104
82
326
277
85
261
197
271
248
133
309
109
158
88
26
271
24
122
119
226
100
332
332
298
280
225
272
142
242
9
106
229
88
66
232
115
320
224
32
243
25
252
170
329
181
56
2
322
223
332
101
79
266
35
199
246
172
222
149
346
221
308
334
10
60
170
315
336
204
9
21
13
62
48
278
320
132
238
104
196
133
163
53
316
249
322
96
119
280
82
32
315
7
149
122
166
39
260
136
213
223
280
175
291
220
223
203
328
277
277
5
312
98
232
200
213
346
261
325
242
38
280
276
142
65
26
271
339
333
308
185
324
150
199
31
199
53
339
41
29
236
347
252
79
232
56
122
172
159
44
331
133
285
278
258
265
285
170
95
324
200
314
285
268
118
337
251
297
258
137
22
3
148
53
21
261
229
169
26
10
290
134
1
276
312
107
41
26
144
59
214
170
21
277
158
175
330
200
72
277
103
188
285
7
345
98
9
291
291
224
223
339
213
242
314
87
331
119
58
111
113
218
14
72
172
213
300
142
277
124
109
342
272
14
140
271
297
343
142
48
271
200
239
321
56
104
26
98
184
41
213
64
119
204
144
299
231
62
239
259
332
40
236
131
320
212
208
146
151
277
82
203
67
26
119
251
339
334
340
98
31
323
53
98
25
203
123
200
261
56
304
19
211
203
193
127
9
306
56
25
65
329
2
319
323
29
271
24
113
23
9
206
109
280
275
296
101
291
272
227
259
238
117
333
334
208
224
104
315
122
119
113
14
9
252
315
41
323
9
303
203
260
109
23
119
322
269
277
78
211
194
306
238
98
342
40
306
230
67
342
265
73
199
263
104
178
180
26
345
347
271
231
26
187
332
183
135
171
313
162
122
96
188
330
309
280
195
7
25
248
76
119
265
315
32
283
260
231
332
179
239
236
36
158
285
5
134
323
303
175
343
252
72
122
317
315
205
313
308
203
312
113
1
272
346
238
277
283
272
271
80
192
21
196
272
217
92
334
31
161
105
236
86
67
16
277
14
312
26
121
91
175
119
141
31
322
280
295
334
318
203
188
27
69
337
25
334
25
318
80
315
29
82
280
188
273
231
224
119
277
122
322
86
332
21
203
323
280
199
40
142
89
17
21
172
2
276
311
239
214
25
325
297
119
236
344
31
200
19
200
13
254
180
98
213
258
272
83
280
9
277
240
170
66
315
111
288
318
56
214
40
315
272
275
332
280
62
121
187
223
118
242
298
213
284
158
7
80
48
39
20
156
319
238
142
30
3
23
334
132
123
40
212
223
25
40
24
322
91
304
62
31
46
141
239
232
188
141
248
170
40
319
315
224
211
277
272
170
303
213
1
27
7
56
137
272
38
185
128
25
315
194
55
7
66
345
197
312
170
345
252
323
94
272
21
16
9
56
216
308
274
277
72
190
322
26
123
300
133
75
21
149
203
213
194
180
128
224
96
311
242
249
265
169
313
69
158
278
130
199
21
238
9
187
342
57
9
177
88
261
98
320
25
67
218
298
172
309
80
280
59
169
152
167
262
322
277
239
119
277
56
111
67
145
227
188
21
239
77
315
133
69
237
56
65
323
116
178
26
144
139
188
275
278
29
339
9
297
261
265
277
86
82
65
128
231
271
25
133
277
280
67
148
274
38
188
214
325
276
326
116
65
39
346
26
104
187
322
271
339
324
141
251
128
185
177
60
280
324
80
186
261
26
93
219
118
323
238
339
25
187
113
266
48
318
184
113
45
109
56
341
119
78
323
325
281
329
271
63
346
26
121
172
201
177
21
87
254
48
67
57
78
224
83
118
257
313
276
119
156
67
104
200
306
169
56
263
268
149
170
175
169
121
140
295
325
144
66
277
332
142
113
102
332
67
329
21
118
265
187
119
277
22
313
186
199
82
277
141
56
119
258
284
271
257
230
197
19
257
99
213
346
116
6
88
108
222
189
212
308
101
128
67
170
21
337
298
168
342
22
272
258
200
82
173
109
151
143
199
170
1
39
280
221
334
277
136
315
304
5
20
67
105
25
9
122
306
264
158
252
53
188
259
254
128
213
304
213
7
213
136
184
39
10
331
184
124
271
21
186
258
169
326
78
38
82
128
325
252
315
40
329
94
200
261
247
203
302
266
25
200
329
197
253
150
150
323
236
136
140
332
85
280
249
168
9
181
285
9
26
180
217
180
17
220
327
104
169
271
185
137
291
242
180
199
306
123
242
169
271
322
191
290
272
315
193
56
343
158
212
56
329
325
317
251
194
302
294
328
19
346
122
122
308
337
315
87
211
134
122
134
186
266
85
188
291
326
225
285
13
343
313
323
50
200
48
122
142
271
231
3
92
323
72
323
107
127
13
290
79
26
57
295
82
39
281
118
56
93
178
213
272
82
250
223
17
129
40
39
14
176
273
203
148
48
41
252
142
281
115
56
79
133
232
113
127
13
62
277
211
326
239
8
175
45
80
261
56
246
188
238
239
200
271
148
260
118
203
347
158
9
188
122
304
188
231
271
176
26
53
330
232
14
299
70
272
170
25
326
24
302
170
223
254
123
10
271
257
326
274
92
271
148
280
26
291
250
55
326
308
184
116
156
92
325
9
13
116
21
200
238
186
331
41
13
332
199
9
186
252
284
122
169
132
159
249
112
199
252
92
239
4
188
246
208
23
64
5
163
227
304
221
200
56
310
242
80
53
40
235
16
63
186
173
165
165
42
310
312
50
66
271
330
211
72
285
152
59
193
260
94
94
21
285
229
161
185
136
89
225
236
84
98
334
149
69
342
265
199
175
252
195
334
48
312
164
39
132
239
230
80
149
126
21
113
272
257
66
271
274
172
313
119
203
119
8
324
98
323
232
4
21
304
158
211
204
45
98
142
304
269
25
55
213
332
285
142
324
202
48
187
9
113
246
303
142
251
53
172
188
203
111
214
41
113
98
10
184
343
170
147
141
236
34
9
67
148
320
26
241
170
87
199
320
143
217
303
9
122
302
118
62
170
119
137
281
239
200
66
323
203
222
98
239
98
188
67
119
119
59
67
302
206
263
26
236
324
170
88
56
137
25
41 
199
254
40
119
304
186
140
98
26
176
317
134
298
281
265
51
285
265
280
63
271
322
297
26
304
181
68
45
89
66
315
185
181
271
105
270
261
158
231
176
246
122
248
331
25
97
201
60
156
268
122
172
342
299
92
343
339
56
109
252
177
265
219
169
24
199
322
128
200
30
13
170
322
88
127
26
62
171
326
85
98
291
