186
285
346
304
9
329
213
332
65
26
272
199
236
62
172
53
170
46
176
56
194
117
135
103
133
116
299
315
323
57
98
63
304
346
239
67
325
119
277
56
76
36
170
274
21
119
197
271
236
273
186
186
23
312
57
20
71
333
322
168
277
341
122
9
252
265
141
273
122
345
158
21
38
302
54
139
118
291
142
271
332
9
285
217
62
332
126
261
3
226
48
25
342
170
146
94
142
1
159
139
299
20
25
13
94
59
239
326
187
109
84
142
323
308
66
31
7
252
49
320
85
7
56
119
238
186
123
246
188
277
17
108
137
26
115
323
159
26
149
48
109
271
136
149
56
136
142
329
252
315
274
171
67
1
265
271
88
203
176
343
20
32
30
222
346
40
184
136
118
322
266
104
199
67
277
169
203
172
63
313
285
92
304
265
98
136
57
277
271
141
17
118
141
212
128
278
25
40
252
340
232
237
265
135
80
70
159
134
53
332
16
223
249
39
141
345
141
21
271
25
200
25
291
242
203
170
325
251
10
67
55
284
228
31
69
142
113
200
277
25
257
136
320
98
248
200
54
249
85
231
224
119
325
156
104
325
158
302
242
303
188
310
30
81
326
56
57
186
293
42
28
212
323
347
142
53
2
2
38
280
54
232
281
9
200
94
175
304
342
159
279
172
21
203
51
320
186
338
188
342
149
322
169
236
290
185
40
222
128
261
203
313
161
57
175
172
144
213
252
25
203
104
161
39
211
172
122
303
9
312
203
78
268
65
213
56
213
281
122
21
24
38
109
21
49
21
271
248
322
243
254
169
324
249
280
312
98
181
245
185
104
142
7
297
323
328
19
309
168
194
2
169
343
200
331
343
26
329
200
109
128
299
59
315
199
296
290
102
261
56
231
149
308
277
196
303
21
21
326
161
213
223
277
104
222
331
194
141
217
25
188
318
65
128
173
14
1
3
121
25
226
306
141
315
239
274
177
180
1
346
48
119
38
187
67
172
136
141
62
217
236
137
276
55
56
285
127
26
170
8
184
199
39
344
329
162
213
290
261
5
26
40
196
156
55
285
342
283
67
48
343
21
133
297
118
28
23
269
175
169
57
197
161
261
23
218
170
199
111
48
320
167
326
48
94
80
80
227
194
20
252
96
8
177
30
26
324
322
104
276
61
21
94
194
186
252
142
21
323
176
167
122
133
243
304
313
170
200
5
89
107
169
232
79
24
67
66
103
271
213
26
82
208
285
9
133
175
132
221
344
315
324
170
214
159
251
67
232
56
180
284
48
308
323
93
59
29
341
302
239
337
109
55
266
134
67
346
280
161
203
274
315
98
132
98
187
269
21
150
264
330
150
45
165
257
21
332
236
324
248
119
86
56
224
196
213
136
152
257
80
199
104
67
45
252
26
148
55
239
239
98
113
119
315
203
111
200
80
104
140
302
212
24
323
122
65
201
56
252
82
251
272
332
137
306
26
21
203
160
204
21
113
238
48
314
194
321
223
169
315
136
211
272
297
239
194
118
250
290
227
118
104
119
72
141
295
51
334
284
312
322
67
6
21
177
177
108
188
14
88
249
40
99
271
185
3
22
134
212
178
223
266
186
284
56
67
346
23
326
75
343
122
291
108
26
298
172
135
75
82
121
278
297
265
56
40
220
342
36
53
178
230
268
274
252
203
24
99
252
161
234
194
29
158
73
261
44
72
249
86
36
343
131
277
200
3
200
200
332
101
21
278
275
193
169
276
141
236
331
230
132
260
175
345
139
323
27
213
170
276
265
315
278
323
158
66
232
98
36
98
109
176
339
123
170
112
323
222
56
142
130
324
108
328
176
322
203
13
115
312
313
175
9
313
242
331
26
203
315
105
87
342
184
122
168
212
312
78
158
308
238
172
24
56
225
226
158
119
232
309
231
252
127
225
9
245
60
39
53
239
326
161
31
56
1
133
96
14
199
212
179
320
342
122
258
200
119
127
211
231
226
284
325
304
163
48
302
161
126
72
48
339
62
25
331
304
266
290
172
211
277
331
188
203
46
119
184
346
66
237
130
332
123
315
231
272
291
196
141
41
175
261
180
216
311
187
217
188
101
320
197
315
161
151
131
203
92
94
304
339
221
145
54
122
331
254
113
169
239
91
322
7
9
119
76
31
165
41
9
332
133
262
124
165
158
315
188
67
176
181
232
184
4
7
111
95
333
239
26
254
346
268
109
158
85
334
59
65
291
247
21
13
2
176
290
186
200
67
109
53
186
103
3
320
194
13
122
265
72
313
339
44
26
213
246
339
339
56
75
105
218
249
119
186
338
272
128
271
122
101
170
281
187
98
169
242
296
280
56
80
186
227
67
322
31
331
315
225
113
136
314
58
175
280
88
196
332
265
98
50
128
291
67
339
105
22
36
271
252
142
320
122
48
56
109
186
140
122
238
68
323
9
199
149
103
262
9
98
322
21
261
277
239
56
300
59
313
330
180
249
25
9
224
130
57
190
285
307
203
92
199
163
29
104
53
203
122
339
172
48
322
113
236
244
308
272
113
128
281
104
203
118
26
170
26
332
252
25
345
203
232
73
21
238
188
14
56
231
325
281
142
89
266
80
4
128
315
203
129
98
88
56
325
132
304
75
67
45
87
188
148
325
225
13
323
315
105
342
28
132
23
118
239
261
67
271
188
91
28
26
87
186
101
62
122
172
272
129
291
108
252
9
256
116
334
26
149
40
272
200
224
271
24
204
239
211
322
119
211
313
200
322
285
180
322
56
266
4
203
161
168
62
203
268
271
310
142
151
60
94
277
203
48
252
334
119
103
25
343
135
344
170
252
221
9
252
89
62
271
62
67
86
236
88
150
68
169
172
67
310
187
199
118
202
319
29
30
203
300
63
67
55
197
332
285
285
227
246
67
53
204
276
31
2
195
299
21
30
239
123
280
26
186
226
180
200
208
280
104
119
127
38
345
322
277
324
56
297
325
157
25
115
271
128
7
271
191
232
293
339
82
54
78
268
151
171
306
51
56
119
236
128
120
203
272
320
345
272
148
285
334
55
136
162
275
298
95
22
172
9
148
1
271
109
109
158
111
277
313
266
69
72
271
275
118
322
19
9
236
334
50
332
118
257
285
318
187
31
226
346
258
25
329
239
323
67
13
24
109
312
200
98
317
271
9
323
22
290
197
312
261
60
21
204
26
322
119
330
84
167
331
19
3
200
196
206
141
246
301
271
150
229
41
323
326
26
312
85
199
187
300
118
88
277
270
273
323
304
304
7
119
116
246
322
281
73
200
194
172
329
141
26
323
297
158
188
184
176
308
21
111
303
19
148
213
164
331
341
180
80
117
123
83
116
322
258
21
212
119
280
140
59
108
170
272
332
212
223
239
165
330
199
136
19
96
280
98
31
281
164
23
26
277
128
332
200
231
204
88
322
59
128
313
88
213
277
185
281
280
271
280
87
128
82
142
285
136
249
23
106
56
14
36
115
304
223
20
271
200
236
2
274
26
30
239
129
73
89
21
211
80
178
62
116
40
338
200
252
332
195
9
106
304
260
88
92
88
204
110
116
342
249
330
252
118
41
200
338
108
224
272
222
64
67
98
137
158
21
308
319
8
7
325
121
115
281
231
315
325
55
188
194
170
188
174
334
331
67
199
208
305
218
259
271
67
188
9
113
271
67
116
254
86
26
141
342
115
297
82
100
334
275
261
266
302
192
325
21
280
252
236
308
82
217
20
123
180
300
21
19
199
56
82
22
172
169
342
36
325
291
222
295
313
277
134
119
80
280
203
111
199
113
57
291
303
92
211
9
313
276
9
187
26
291
95
156
111
304
158
226
325
276
25
65
235
291
266
265
119
125
325
130
66
109
53
119
102
105
135
220
236
98
277
304
280
92
17
55
31
315
25
169
213
23
122
121
277
170
238
17
322
304
291
170
291
122
199
9
45
25
304
169
147
254
170
121
264
303
170
80
280
92
249
277
25
128
188
315
169
272
342
261
324
329
151
132
280
285
8
257
186
9
291
169
40
313
31
323
221
315
276
271
17
186
285
64
118
308
87
315
122
128
322
122
92
142
40
230
57
119
325
239
150
252
169
119
9
189
170
261
26
69
203
184
174
159
343
116
324
239
21
315
104
213
40
21
257
277
22
322
13
118
185
200
134
315
99
108
329
232
64
101
200
199
200
236
257
65
257
67
277
158
332
68
67
65
118
32
137
315
298
141
189
110
214
200
298
101
13
211
231
56
225
239
204
261
170
186
251
88
75
308
248
314
188
271
342
285
26
170
261
236
152
329
251
223
72
196
213
13
245
276
142
329
185
104
280
24
53
41
25
67
315
227
323
128
213
41
342
199
299
123
204
25
252
269
72
211
75
55
219
303
323
161
236
304
185
212
28
252
303
103
239
104
342
259
199
165
314
322
242
26
342
82
346
329
313
122
203
166
56
144
26
185
285
67
237
16
303
249
56
13
199
330
130
169
203
275
250
143
242
175
330
113
260
271
41
59
261
56
334
87
314
231
303
213
272
277
175
176
116
180
104
271
281
277
19
303
304
303
122
221
302
56
128
242
167
144
204
97
214
118
27
9
339
53
1
344
199
277
284
56
297
122
266
94
72
101
56
291
67
312
16
122
113
188
118
40
213
266
80
239
325
29
40
56
259
67
300
21
214
203
291
83
92
161
204
122
102
252
142
16
26
44
310
346
254
272
342
332
195
299
98
139
200
72
40
346
172
345
345
127
169
272
98
167
296
268
252
304
213
25
277
188
203
319
223
50
308
26
25
79
98
272
50
88
17
254
261
334
17
236
285
199
113
280
224
121
24
291
5
134
92
250
339
142
334
62
119
326
119
194
98
304
265
277
188
239
188
304
79
9
40
22
304
17
146
26
115
295
25
241
332
290
29
130
271
276
3
14
190
277
159
223
9
304
201
339
122
143
40
24
322
222
141
41
194
285
151
239
272
200
119
322
213
104
7
82
78
137
141
315
67
272
203
252
150
334
184
109
25
254
185
8
325
269
122
26
272
56
113
277
142
252
16
271
93
105
119
251
282
99
252
203
171
3
304
275
272
276
122
92
142
277
231
278
117
252
170
121
211
224
136
320
115
208
346
120
331
320
297
41
322
101
122
331
199
331
277
274
213
79
26
104
224
41
315
242
196
342
142
319
198
41
158
239
257
304
263
332
346
115
277
238
265
311
30
229
71
246
345
291
182
162
187
303
124
322
40
20
218
249
297
21
26
144
214
14
310
53
119
99
299
313
165
280
59
346
23
137
265
50
136
170
29
46
211
252
172
40
186
123
66
189
252
326
122
161
272
25
101
60
326
199
56
223
176
132
53
280
284
21
135
337
51
67
158
263
277
163
138
135
96
118
142
197
142
291
21
72
159
28
133
308
29
3
119
283
141
283
116
278
9
21
87
48
56
72
26
180
67
227
148
82
299
239
98
272
203
200
239
261
265
322
200
53
29
181
111
304
172
22
269
125
41
103
344
82
146
322
236
109
66
203
82
345
312
285
299
81
188
248
170
311
238
53
10
84
283
196
101
166
163
265
339
56
185
246
40
214
40
170
123
13
21
336
143
258
123
331
329
128
134
252
148
118
178
276
142
272
181
25
24
324
285
69
26
21
9
126
26
200
25
322
224
249
211
133
9
30
91
94
239
109
342
246
30
285
136
137
24
316
83
297
254
171
169
285
266
306
132
285
60
59
271
322
330
20
276
3
226
313
342
235
67
320
25
140
336
218
188
280
322
32
272
304
94
324
277
109
285
203
334
322
328
229
113
317
290
226
170
320
332
128
185
9
213
75
106
212
284
40
188
254
318
39
108
285
136
140
346
249
239
119
26
23
128
197
26
31
255
199
9
96
21
312
122
275
346
56
313
121
271
186
39
315
193
21
41
197
337
303
147
168
308
9
286
136
26
204
20
119
82
177
238
10
236
72
225
31
148
25
200
101
203
9
249
104
105
290
82
315
280
62
277
103
184
188
25
252
53
277
39
169
197
218
188
272
263
146
82
31
25
144
346
261
195
26
285
224
9
168
260
122
281
25
93
232
75
50
83
239
25
161
41
325
304
313
205
325
56
66
211
295
82
332
288
122
204
146
21
299
277
188
195
152
158
113
203
115
347
277
123
338
99
113
337
184
313
295
40
261
21
236
184
332
47
39
200
204
343
186
224
23
249
265
220
183
172
304
82
308
168
96
50
271
223
170
56
62
223
271
312
56
133
59
261
6
4
56
213
56
197
199
148
156
188
170
119
122
129
67
67
272
137
299
122
304
148
36
254
299
258
9
329
323
192
26
322
109
320
56
9
17
199
213
325
119
339
294
325
343
93
271
214
59
252
119
21
252
342
259
273
239
271
259
26
31
265
26
332
274
315
200
334
6
188
165
325
252
161
242
178
67
339
223
297
271
13
280
82
115
118
113
194
239
291
9
252
25
206
238
232
200
199
211
40
289
252
28
332
332
274
329
263
261
94
159
25
104
342
128
277
277
161
333
280
169
271
186
104
169
25
344
322
265
56
204
105
175
134
170
277
67
23
13
322
144
188
308
324
56
236
239
109
112
187
219
176
169
102
52
295
261
105
56
26
272
280
98
98
213
56
199
67
272
328
177
257
236
322
142
87
149
297
324
310
224
301
3
107
40
25
320
308
80
91
101
7
25
318
302
252
134
325
199
219
104
186
308
271
56
147
309
77
3
98
21
56
251
196
200
13
5
212
320
165
214
119
271
122
224
239
98
192
259
109
16
64
122
238
325
236
40
324
274
21
290
73
239
142
239
142
20
30
312
21
239
170
211
213
193
277
258
324
149
129
271
252
260
239
334
119
271
133
249
303
121
188
175
10
62
314
337
232
204
56
213
230
186
314
342
82
98
266
25
199
122
67
315
187
19
326
26
239
10
79
56
26
322
25
263
191
242
111
248
261
304
132
296
322
99
13
219
172
322
72
56
40
242
314
122
84
285
19
188
280
280
213
304
200
80
118
100
142
304
331
94
131
272
51
53
186
278
317
330
72
56
118
284
3
329
343
343
239
226
185
266
67
149
227
340
82
213
40
298
334
23
242
98
113
41
91
78
50
45
62
98
303
100
213
64
238
320
304
122
315
67
211
78
21
132
323
21
84
29
172
285
332
199
127
50
242
231
48
273
297
253
271
162
24
94
281
116
73
311
277
127
329
204
113
280
40
40
327
69
224
308
165
127
312
257
57
172
57
38
261
214
126
119
314
67
149
324
169
251
330
307
202
142
291
130
233
126
325
150
347
214
334
172
14
169
117
173
31
270
21
87
142
271
113
80
54
345
172
323
122
67
242
24
315
253
231
345
6
226
98
116
271
261
169
113
170
125
170
304
172
276
315
67
113
53
141
108
177
21
249
142
313
56
148
85
232
119
329
285
252
311
39
130
203
25
48
142
9
34
62
341
13
32
291
271
315
69
115
94
312
225
113
333
227
119
13
277
307
104
315
38
344
170
127
143
175
5
60
113
285
9
280
289
291
113
240
326
251
17
339
315
38
271
299
67
5
176
41
248
141
289
36
123
148
319
208
290
119
9
329
67
134
57
13
322
119
109
224
236
13
223
68
149
82
187
113
271
188
297
322
158
224
127
203
26
250
139
203
254
248
254
69
185
26
186
224
9
158
186
109
228
101
207
39
132
196
334
185
141
227
59
41
185
146
148
29
329
144
45
211
170
21
186
17
96
272
239
280
169
291
84
214
56
265
345
26
254
332
275
306
265
212
45
141
94
113
139
285
184
103
304
131
211
230
278
325
59
92
261
314
322
155
243
313
324
29
62
109
297
260
181
56
199
98
142
119
304
324
98
280
325
239
280
346
223
156
67
271
280
230
257
40
346
140
277
265
21
2
13
161
99
246
178
31
278
62
103
291
26
67
236
128
325
309
82
67
25
243
324
128
320
31
115
252
280
294
56
313
64
203
119
257
186
35
119
232
239
323
317
99
85
169
82
280
274
89
277
277
265
141
213
62
40
258
178
341
32
134
55
226
322
185
238
30
221
9
113
277
185
315
25
252
44
237
315
322
252
297
239
172
248
312
322
26
92
337
66
304
318
48
137
98
310
315
142
109
7
272
280
85
67
271
331
239
258
176
119
330
119
147
242
340
249
84
23
80
109
123
312
142
258
285
281
323
265
224
251
98
109
242
119
48
242
104
342
333
189
77
224
172
169
143
72
200
330
75
332
190
236
252
239
214
346
30
137
137
236
55
334
30
273
232
116
303
56
40
24
272
92
143
288
304
159
240
333
180
45
329
142
277
56
211
277
88
302
30
297
109
26
299
99
309
72
324
271
180
322
100
194
5
80
213
314
146
277
238
337
87
339
144
315
173
200
53
285
136
21
322
102
113
312
252
322
181
113
9
158
19
56
72
203
340
330
59
238
346
322
3
56
252
7
172
342
65
20
304
79
200
324
223
67
62
94
315
310
106
1
7
297
9
172
265
322
128
284
41
332
315
67
177
272
118
272
223
327
297
236
261
113
170
16
137
122
122
323
326
308
9
13
248
109
342
148
25
285
200
277
334
73
224
151
171
343
223
115
172
111
188
252
248
248
23
302
103
212
172
211
272
25
87
142
342
272
231
168
315
313
291
80
94
109
5
50
132
171
93
40
4
214
329
223
130
80
236
342
157
332
252
184
326
144
82
236
312
169
199
109
21
72
143
118
212
295
238
284
111
178
100
79
194
149
302
280
224
271
245
142
113
26
225
281
104
285
53
28
290
252
128
40
134
203
309
146
170
246
199
21
315
302
313
288
304
55
322
62
213
188
319
313
48
91
184
161
273
82
325
252
204
326
19
200
82
238
92
122
155
297
260
277
153
152
68
180
277
188
19
91
271
77
162
229
332
188
277
5
9
105
285
41
133
161
169
312
10
185
88
324
206
239
124
200
342
329
31
195
271
1
218
172
123
223
322
328
97
118
122
172
88
48
99
239
186
53
109
322
22
212
77
72
194
277
133
127
217
223
333
66
323
258
346
36
9
78
246
98
236
25
25
261
122
93
25
322
291
53
90
118
25
127
332
26
235
238
21
186
143
214
304
132
98
53
252
192
84
67
199
41
188
236
280
254
106
323
118
329
268
94
115
315
285
291
150
302
128
25
203
25
133
175
161
331
168
343
2
169
315
264
177
21
9
122
297
119
156
56
334
55
322
324
236
167
257
123
203
104
242
53
247
211
117
200
195
329
304
148
118
45
236
177
304
200
277
75
329
232
26
3
19
144
66
298
343
141
344
304
312
113
261
109
56
200
122
304
185
227
186
59
242
346
276
303
75
178
51
31
200
322
222
186
304
94
326
199
82
261
343
325
199
197
328
106
232
130
82
249
26
98
213
26
239
122
5
304
315
322
25
14
85
95
313
10
304
274
144
318
317
261
132
271
325
73
172
80
169
201
136
56
84
143
323
231
322
341
258
291
277
67
327
21
324
170
122
141
55
239
7
322
329
308
134
310
79
339
148
315
130
188
299
123
129
26
178
159
116
85
213
334
109
302
257
232
172
21
323
243
161
85
104
239
229
7
67
122
320
9
258
108
312
122
231
302
92
119
62
62
248
302
204
211
248
339
121
317
143
277
161
161
325
285
180
325
302
291
46
53
252
211
284
237
199
306
212
59
284
204
133
13
82
339
310
312
133
169
285
67
13
285
44
342
179
175
185
345
303
231
40
1
39
83
98
13
186
162
272
113
140
159
334
306
227
211
7
122
271
199
248
56
227
222
203
223
56
280
26
232
40
185
156
98
170
7
79
140
82
322
2
17
339
69
299
224
332
5
200
122
347
340
272
139
67
188
143
158
39
203
101
272
318
325
41
6
222
25
252
103
79
242
158
180
302
271
309
56
322
297
207
323
27
4
274
203
139
231
72
261
94
322
113
268
8
86
304
7
196
1
98
320
328
40
237
238
130
128
84
339
9
261
295
10
195
322
13
227
261
116
341
227
103
39
115
258
311
312
113
21
21
67
186
175
285
158
172
39
313
13
299
98
134
347
67
113
211
84
203
133
63
329
156
309
313
322
41
184
41
141
225
5
266
115
95
130
251
186
171
21
252
242
199
79
9
186
243
232
277
9
158
105
98
119
16
166
323
14
99
141
98
54
277
40
186
134
130
315
7
236
169
343
334
148
322
295
276
181
110
322
238
88
122
264
92
56
67
118
236
315
291
324
197
313
67
73
251
23
161
25
223
291
109
115
275
332
318
203
271
313
304
56
284
101
332
55
120
271
92
346
83
40
40
135
230
217
119
308
318
103
116
280
272
200
163
339
232
4
239
25
104
249
100
302
214
262
319
252
165
186
170
337
9
187
299
342
4
21
88
10
85
221
53
271
252
224
8
25
14
291
298
315
72
313
146
127
53
101
77
273
89
187
213
119
322
310
142
22
265
199
109
248
122
94
9
280
329
144
68
252
119
162
238
248
148
223
53
232
26
200
239
323
53
100
298
67
58
159
211
67
200
186
204
257
203
280
184
59
172
111
329
308
56
268
322
211
115
347
25
119
310
148
4
40
261
30
93
188
45
309
149
341
185
276
122
334
346
199
133
204
268
137
104
193
296
303
180
172
223
136
223
98
98
72
98
271
339
265
98
339
168
341
156
67
341
85
199
67
119
25
92
254
291
115
300
230
67
75
170
111
57
180
323
62
266
252
323
118
304
140
200
101
298
185
323
323
271
170
104
14
66
272
326
235
249
118
69
332
28
284
62
118
331
82
19
65
170
271
271
271
239
127
281
106
113
197
53
174
13
342
57
186
78
186
87
119
267
150
156
150
131
315
25
252
271
14
92
88
1
298
156
332
342
88
202
188
21
33
28
226
334
334
104
101
315
271
203
181
238
61
170
194
330
67
322
119
325
272
67
219
131
248
31
103
200
28
105
123
271
72
263
118
328
66
130
144
285
257
242
40
214
330
14
1
313
199
85
105
134
63
185
203
119
1
341
248
110
27
200
188
271
181
127
285
232
172
180
132
13
203
246
100
65
185
56
213
332
188
224
173
126
266
3
169
285
213
239
184
242
231
13
338
137
19
326
134
304
332
108
20
239
89
25
84
173
231
82
224
197
142
49
119
291
200
80
321
189
67
188
239
299
203
186
62
324
140
135
265
45
122
26
270
211
239
142
109
208
224
318
261
118
122
48
121
68
66
30
67
122
178
113
243
246
20
26
180
258
189
31
25
28
277
56
122
40
277
199
122
252
31
188
26
297
271
314
67
25
248
13
218
296
345
147
308
1
26
306
56
315
25
56
60
25
188
25
136
134
25
332
182
259
313
272
172
251
313
285
1
80
144
158
142
325
170
68
313
154
252
249
313
224
98
142
178
325
252
271
25
197
212
96
58
20
75
332
339
