3
3
3
3
3
3
3
3
3
3
4
4
4
4
4
4
4
4
4
4
5
5
5
5
5
5
5
5
5
5
7
7
7
7
7
7
7
7
7
8
8
8
8
8
8
8
8
8
8
9
9
9
9
9
9
9
9
9
9
11
11
11
11
11
11
11
11
11
11
13
14
15
15
15
15
15
15
15
15
15
15
17
17
17
17
17
17
17
17
17
20
20
20
20
20
20
20
20
20
20
21
21
21
21
21
21
21
21
21
21
22
22
22
22
22
22
22
22
22
22
25
27
27
27
27
27
27
27
27
27
27
28
28
28
29
29
29
30
30
30
30
30
30
30
30
30
30
31
31
31
31
31
31
31
31
31
31
32
32
32
32
32
32
32
32
32
33
33
33
33
33
33
33
33
33
33
36
36
36
36
36
36
36
36
36
36
38
38
38
38
38
38
38
38
38
39
39
39
39
39
39
39
39
39
39
43
43
43
43
43
43
43
43
43
43
44
44
44
44
44
44
44
44
44
44
49
49
49
49
49
49
49
49
49
55
55
55
55
55
55
55
55
55
55
60
60
60
60
60
60
60
60
60
61
61
61
61
61
61
61
61
61
61
62
62
62
62
62
62
62
62
62
63
63
63
63
63
63
63
63
63
64
64
64
64
64
64
64
64
64
64
65
65
65
65
65
65
65
65
65
65
66
66
66
66
66
66
66
66
66
66
67
67
67
67
67
67
67
67
67
67
68
68
68
68
68
68
68
68
68
68
73
73
73
73
73
73
73
73
73
73
75
75
75
75
75
75
75
75
75
75
76
76
76
76
76
76
76
76
76
76
78
78
78
78
78
78
78
80
81
81
81
81
81
81
81
81
81
81
83
83
83
83
83
83
83
83
83
83
87
87
87
87
87
87
87
87
87
87
89
89
89
89
89
89
89
89
89
89
91
91
91
92
92
98
98
98
98
98
98
98
98
98
98
100
101
101
101
101
101
101
101
101
101
101
102
102
102
102
102
104
105
105
105
105
105
105
105
105
105
105
108
108
108
108
108
108
108
108
108
108
109
109
109
109
109
109
109
109
109
109
110
110
110
110
110
110
110
110
110
110
111
111
111
111
111
111
111
111
111
111
112
112
112
112
112
112
112
112
112
113
113
113
113
113
113
113
113
113
113
116
116
116
116
116
116
116
116
116
116
120
120
120
120
120
120
120
120
120
120
122
122
122
122
122
122
122
122
122
122
123
123
123
123
123
123
123
123
123
123
124
124
124
124
124
124
124
124
124
124
125
125
125
125
125
125
125
125
125
125
126
126
126
126
126
126
126
126
126
126
127
127
127
127
127
127
127
127
127
127
129
129
129
129
129
129
129
129
129
129
130
130
130
130
130
130
130
130
130
130
131
131
131
131
131
131
131
131
131
131
132
132
132
132
132
132
132
132
132
132
133
133
133
133
133
133
133
133
133
133
135
135
135
135
135
135
135
135
135
135
136
136
136
136
136
136
136
136
136
137
138
138
138
138
138
138
138
138
138
141
141
141
141
141
141
141
141
141
141
143
143
143
143
143
143
143
143
143
143
144
144
144
144
144
144
144
144
144
145
145
145
145
145
145
145
145
145
146
146
146
146
146
146
146
146
146
147
147
147
147
147
147
147
147
147
148
148
148
148
148
148
148
148
148
148
149
149
149
149
149
149
149
149
149
149
151
151
151
151
151
151
151
151
151
151
155
155
155
155
155
155
155
155
155
158
158
158
158
158
158
158
158
160
160
160
160
160
160
160
160
160
160
162
162
162
162
162
162
162
162
162
162
165
165
165
165
165
165
165
165
165
165
167
167
167
167
167
167
167
167
167
167
169
169
169
169
169
169
169
169
169
169
172
172
172
172
172
172
172
172
172
172
173
173
173
173
173
173
173
173
173
173
174
174
174
174
174
174
174
174
174
174
175
175
175
175
175
175
175
175
175
175
176
176
176
176
176
176
176
176
176
177
177
177
177
177
177
177
177
177
178
178
178
178
178
178
178
178
178
178
179
179
179
179
179
179
179
179
179
180
180
180
180
180
180
180
180
180
180
181
181
181
181
181
181
181
181
181
181
191
191
191
191
191
191
191
191
191
191
192
192
192
192
192
193
193
193
193
193
193
194
194
194
194
194
194
194
194
194
194
195
195
195
195
195
195
195
195
195
196
196
196
196
196
196
196
196
196
196
197
197
197
197
197
197
197
197
197
197
198
198
198
198
198
198
198
198
198
198
201
201
201
201
201
201
201
201
201
201
203
203
208
208
208
208
208
208
208
208
208
209
209
209
209
209
209
209
209
211
211
211
211
211
211
211
211
211
211
218
218
218
218
218
218
218
218
218
225
225
225
225
225
225
225
225
225
225
226
226
226
226
226
226
226
226
226
226
228
228
228
228
228
228
228
228
228
229
229
229
229
229
229
229
229
229
229
232
236
236
236
236
236
236
236
236
236
236
238
238
238
238
238
238
238
238
238
238
241
241
241
241
243
243
243
243
243
243
243
243
243
244
244
244
244
244
244
244
244
244
244
247
247
247
247
247
247
247
247
247
247
248
248
248
248
248
248
248
248
248
248
249
249
249
249
249
249
249
249
250
250
250
250
250
250
250
250
250
250
251
251
251
251
251
251
251
251
251
251
252
252
252
252
252
252
252
252
252
253
253
253
253
253
253
253
253
253
253
257
257
257
257
257
257
257
257
257
257
263
263
263
263
263
263
263
263
263
263
264
264
264
264
264
264
264
264
264
264
267
267
267
267
267
267
267
267
267
267
270
270
270
270
270
270
270
270
270
276
276
276
276
276
276
276
276
279
279
279
279
279
279
279
279
279
279
280
280
280
280
280
280
280
280
280
280
283
283
283
283
283
283
283
283
283
283
284
284
284
284
284
284
284
284
284
284
285
285
285
285
285
285
285
285
285
285
288
288
288
288
288
288
288
288
288
289
289
289
289
289
289
289
289
289
289
298
298
298
298
298
298
298
298
298
299
299
299
299
299
299
299
299
299
299
300
300
300
300
300
300
300
300
300
300
302
302
303
303
303
303
303
303
303
303
303
303
305
305
305
305
305
305
305
305
305
305
307
307
307
307
307
307
307
307
307
307
310
310
310
310
310
310
310
310
310
310
311
311
311
311
311
311
311
311
311
314
314
314
314
314
314
314
314
314
314
316
321
321
321
321
321
321
321
321
321
321
324
325
325
325
325
325
325
325
325
325
325
326
326
326
326
326
326
326
326
326
326
327
327
327
327
327
327
327
327
327
327
331
331
331
331
331
331
331
331
331
334
334
334
334
334
334
334
334
334
335
335
335
335
335
335
335
335
335
335
339
339
339
339
339
339
339
339
339
339
340
340
340
340
340
340
340
340
340
340
341
341
341
341
341
341
341
341
341
341
343
343
343
343
343
343
343
343
343
343
344
345
345
345
345
345
345
345
345
345
346
346
346
346
346
346
346
346
346
346
348
348
348
348
348
348
348
348
348
348
349
349
349
349
349
349
349
349
349
350
350
350
350
350
350
350
350
350
350
351
351
351
351
351
351
351
351
351
351
352
352
352
352
352
352
352
352
352
353
353
353
353
353
353
353
353
353
353
355
355
355
355
355
355
355
355
355
355
356
356
356
356
356
356
356
356
356
356
359
359
359
359
359
359
359
359
359
359
360
360
360
360
360
360
366
366
366
366
366
366
366
366
366
366
367
367
367
367
367
367
367
367
369
369
369
369
369
369
369
369
369
370
370
370
370
370
370
370
370
370
370
371
371
371
371
371
371
371
371
371
371
372
372
372
372
372
372
372
372
372
372
377
377
377
377
377
377
377
377
377
378
378
378
378
378
378
378
378
378
378
379
380
380
380
380
380
380
380
380
380
381
381
381
381
381
381
381
381
381
381
382
382
382
382
382
382
382
382
382
382
385
385
385
385
385
385
385
385
385
385
386
386
386
386
386
386
386
386
386
386
387
387
387
387
387
387
387
387
389
389
389
389
389
389
389
389
389
389
390
390
390
390
390
390
390
390
390
390
391
391
391
391
391
391
391
391
391
391
392
392
392
392
392
392
392
392
392
392
398
398
398
398
398
398
398
398
398
398
399
399
399
399
399
399
399
399
399
399
401
401
401
401
401
401
401
401
401
401
406
407
407
407
407
409
409
409
409
409
409
409
409
409
409
410
410
410
410
410
410
410
410
410
410
411
411
411
411
411
411
411
411
411
411
412
412
412
412
412
412
412
412
412
412
413
415
415
415
415
415
415
415
415
415
416
416
416
416
416
416
416
416
416
416
418
418
418
418
418
418
418
418
421
421
421
421
421
421
421
421
421
421
422
422
422
422
422
422
422
422
422
422
423
423
423
423
423
423
423
423
423
423
424
424
424
424
424
424
424
424
424
425
425
425
425
425
425
425
425
425
425
427
427
427
427
427
427
427
427
427
427
428
428
428
428
428
428
428
428
428
428
430
430
430
430
430
430
430
430
430
430
431
431
431
431
431
431
431
431
431
431
433
433
433
433
433
434
434
434
434
434
434
434
434
434
434
435
437
437
437
438
438
438
438
438
438
438
438
438
438
439
439
439
439
439
439
439
439
439
439
440
440
440
440
440
440
440
440
440
440
448
448
448
448
448
448
448
448
448
448
449
449
449
449
449
449
449
449
449
450
450
450
450
450
450
450
450
450
455
455
455
455
455
458
458
458
458
458
458
458
458
458
458
466
466
466
466
466
469
469
469
469
469
469
469
469
469
469
472
472
472
472
472
472
472
472
472
472
473
473
473
473
473
473
473
473
473
475
475
475
475
475
475
475
475
475
475
478
478
478
478
478
478
478
478
478
478
479
479
479
479
479
479
479
479
479
479
480
480
480
480
480
480
480
480
480
481
481
481
481
481
481
481
481
481
481
483
484
484
484
484
484
484
484
484
484
484
485
485
485
485
485
485
485
485
485
485
489
489
489
489
489
489
489
489
489
489
490
490
490
490
490
490
490
490
490
490
494
494
494
494
494
494
494
494
494
494
496
496
496
496
496
496
496
496
496
496
499
499
499
499
499
499
499
499
499
499
500
500
500
504
504
504
504
504
504
504
504
504
504
505
505
505
505
505
505
505
505
505
505
507
507
507
507
507
507
507
507
507
508
508
508
508
508
508
508
508
508
508
509
509
509
509
509
509
509
509
509
509
516
516
516
516
516
516
516
516
516
516
521
521
521
521
521
521
521
521
521
521
526
526
527
527
527
527
527
527
527
527
527
527
527
527
527
528
528
528
528
528
528
528
528
528
528
531
531
531
531
531
531
531
531
531
532
532
533
533
533
533
533
533
533
533
533
533
536
537
537
537
537
537
537
537
537
537
537
541
541
541
544
544
544
544
544
544
544
544
544
544
547
547
547
547
547
547
547
547
547
547
548
548
548
548
548
548
548
548
548
551
551
551
551
551
551
551
551
551
551
553
553
553
553
553
553
553
553
553
553
554
554
554
554
554
554
554
554
554
557
557
557
557
557
557
557
557
557
557
558
558
558
558
558
558
558
558
558
558
559
559
559
559
559
559
559
559
559
559
560
560
560
560
560
560
560
560
560
560
563
563
563
563
571
571
571
571
571
571
571
571
571
571
572
572
572
572
572
572
572
572
572
572
573
573
574
574
574
574
574
574
574
574
574
576
576
576
576
576
576
576
576
576
576
577
577
577
577
577
577
577
577
577
577
579
579
579
579
579
579
579
579
579
579
580
580
580
580
580
580
580
580
580
580
581
582
582
582
582
582
582
582
582
582
582
584
584
584
586
586
586
586
586
586
586
586
586
586
588
588
588
588
588
588
588
588
588
588
599
599
599
599
599
599
599
599
599
599
605
605
605
605
605
605
605
605
605
605
606
606
606
606
606
606
606
606
606
606
607
607
607
607
607
607
607
607
607
608
610
610
610
610
610
610
610
610
610
610
611
611
611
611
611
611
611
611
611
611
613
613
613
613
613
613
613
613
613
617
617
617
617
617
617
617
617
617
617
620
620
620
620
620
620
620
620
620
620
628
628
628
628
628
628
628
628
628
628
629
629
629
629
629
629
629
629
629
629
631
631
631
631
631
634
634
634
634
634
634
634
634
634
634
635
635
635
635
635
635
635
635
635
635
636
636
636
636
636
636
636
636
636
637
637
637
637
637
637
637
637
637
637
644
645
645
645
645
645
646
646
646
646
646
646
646
646
646
647
647
647
647
647
647
647
647
647
647
652
652
652
652
652
652
652
652
652
652
654
654
654
654
654
654
654
654
654
654
655
655
655
655
655
655
655
655
655
655
656
656
656
656
656
656
656
656
656
656
659
659
659
659
659
659
659
659
659
659
665
665
665
665
665
665
665
665
665
665
667
667
667
667
667
667
667
667
667
668
668
668
668
668
668
668
668
668
668
679
679
679
679
679
679
679
679
679
679
680
680
680
680
680
680
680
680
680
680
682
682
682
682
682
682
682
682
682
684
684
684
684
684
684
684
684
684
684
686
686
686
686
686
686
686
686
686
686
689
689
689
689
689
693
693
693
693
693
693
693
693
693
693
694
694
694
694
694
694
694
694
694
694
695
695
695
695
695
695
695
695
695
697
697
697
697
697
697
697
697
697
697
699
699
699
699
699
699
699
699
699
699
700
700
700
700
700
700
700
700
700
700
701
701
701
701
701
701
701
701
701
701
703
703
703
703
703
703
703
703
703
703
704
704
704
704
704
704
704
704
704
705
705
705
705
705
705
705
705
705
705
706
706
706
707
707
707
707
707
707
707
707
707
707
709
709
709
709
709
709
709
709
709
709
715
715
715
715
715
715
715
715
715
715
716
716
716
716
716
716
716
716
716
716
717
717
717
717
717
717
717
717
717
717
718
718
718
718
718
718
718
718
719
719
719
719
719
719
719
719
719
720
720
720
720
720
720
720
720
720
720
722
724
724
724
724
724
724
724
724
724
726
726
726
726
726
726
726
726
726
726
727
728
728
728
728
728
728
728
728
728
728
731
731
731
731
731
731
731
731
731
731
732
732
732
732
732
732
732
732
732
732
734
734
734
734
734
734
734
734
734
734
736
736
736
736
736
736
736
736
736
736
737
737
737
737
737
737
737
737
739
739
739
739
739
740
740
740
740
740
740
740
740
740
740
741
741
741
741
741
741
741
741
741
741
742
742
742
742
742
742
742
742
742
742
747
747
747
747
747
747
747
747
747
747
750
750
750
750
750
750
750
750
750
750
751
751
751
751
751
751
751
751
751
751
752
752
752
752
752
752
752
752
752
752
753
753
753
753
753
753
753
753
753
756
756
756
756
756
756
756
756
756
756
759
759
759
759
759
759
759
759
759
759
760
760
760
760
760
760
760
760
760
760
762
762
762
762
762
762
762
762
762
762
764
764
764
764
764
764
764
764
764
764
766
766
766
766
766
766
766
766
766
766
767
767
767
767
767
767
767
767
767
767
769
769
769
769
769
769
769
769
769
769
771
771
771
771
771
771
771
771
771
771
773
775
777
777
777
777
777
777
777
777
777
777
786
786
786
786
786
786
786
786
786
786
787
787
787
787
787
787
787
787
787
787
797
797
797
797
797
797
797
797
797
797
801
801
801
801
801
801
801
801
801
801
804
804
804
804
804
804
804
804
804
804
804
804
804
804
805
805
805
805
805
805
805
805
805
805
811
811
811
811
811
811
811
811
811
811
816
816
816
816
816
816
816
816
816
816
820
820
820
820
820
820
820
820
820
820
821
821
821
821
821
821
821
821
821
821
823
823
823
823
823
823
823
823
823
823
825
825
825
825
825
825
825
825
825
825
830
830
830
830
830
830
830
830
830
830
836
836
836
836
836
836
836
836
836
845
845
845
845
845
845
845
845
845
845
846
846
846
846
846
846
846
846
846
846
848
852
852
852
852
852
852
852
852
852
852
855
855
855
855
855
855
855
855
855
855
856
856
856
856
856
856
856
856
856
858
858
858
858
858
858
858
858
858
858
859
859
859
859
859
859
859
859
859
859
863
863
863
863
863
863
863
863
863
863
864
864
864
864
864
864
864
864
864
864
866
866
866
866
866
866
866
866
866
866
867
867
867
867
867
867
867
867
867
867
868
868
868
868
868
868
868
868
868
868
869
869
869
869
869
869
869
869
869
869
873
873
873
873
873
873
873
873
873
873
874
874
874
874
874
874
874
874
874
874
876
878
878
878
878
878
878
878
878
878
878
881
881
881
881
881
881
881
881
881
881
882
885
886
886
886
886
886
886
886
886
886
886
887
887
887
887
887
887
887
887
887
887
889
889
892
892
892
892
896
896
896
896
896
896
896
896
896
896
898
898
902
902
902
902
902
902
902
902
902
902
904
904
904
904
904
904
904
904
904
904
906
906
906
906
906
906
906
906
906
907
907
907
907
907
907
907
907
907
907
908
908
908
908
908
908
908
908
908
908
909
909
909
909
909
909
909
909
909
910
910
910
910
910
910
910
910
910
910
914
918
918
918
918
918
918
918
918
918
919
919
919
919
919
919
919
919
919
922
922
922
922
922
922
922
922
922
923
923
923
923
923
923
923
923
923
924
924
924
924
924
924
924
924
924
924
926
926
926
926
926
926
926
926
926
926
928
929
929
929
929
929
929
929
929
929
930
930
930
930
930
930
930
930
930
937
937
937
937
937
937
937
937
937
937
938
938
938
938
938
938
938
938
938
938
941
945
945
945
945
945
945
945
945
945
945
948
948
948
948
948
949
949
949
949
949
949
949
949
949
949
950
950
950
950
950
950
950
950
950
950
952
952
952
952
952
952
952
952
952
952
955
955
955
955
955
955
955
955
955
955
955
955
955
955
955
955
955
955
956
958
958
958
958
958
958
958
958
958
958
961
961
961
961
961
961
961
961
961
961
962
962
962
962
962
962
962
962
962
962
963
963
963
963
963
963
963
963
963
963
964
964
964
964
964
964
964
964
964
964
965
965
965
965
965
965
965
965
965
965
967
967
967
967
967
967
967
967
967
967
968
968
968
968
968
968
968
968
968
972
972
972
972
972
975
975
975
975
975
975
975
975
975
975
977
977
977
977
977
977
977
977
977
977
978
978
978
978
978
978
978
978
978
978
979
979
979
979
979
979
979
979
979
979
981
981
981
981
981
981
981
981
981
981
982
982
982
982
984
984
984
984
984
984
984
984
984
984
986
986
986
986
986
986
986
986
986
988
988
988
988
988
988
988
988
988
988
989
989
989
989
989
989
989
989
989
989
989
989
989
989
989
989
989
989
989
989
989
989
989
989
989
990
990
990
990
990
990
990
990
990
990
992
992
992
992
992
992
992
992
992
992
994
996
996
996
997
997
997
997
997
997
997
998
998
998
998
998
998
998
998
998
998
999
999
999
999
999
999
999
999
999
999
1001
1001
1001
1001
1001
1001
1001
1001
1001
1001
1001
1001
1002
1002
1002
1002
1002
1002
1002
1002
1002
1002
1004
1004
1004
1004
1004
1004
1004
1004
1004
1004
1005
1005
1005
1005
1005
1005
1005
1005
1005
1005
1009
1009
1009
1009
1009
1009
1009
1009
1009
1009
1010
1010
1010
1010
1010
1010
1010
1010
1010
1010
1011
1013
1013
1013
1013
1013
1013
1013
1013
1013
1015
1015
1015
1015
1015
1015
1015
1015
1015
1019
1019
1019
1019
1019
1019
1019
1019
1019
1019
1022
1022
1022
1022
1022
1022
1022
1022
1022
1022
1025
1025
1025
1025
1025
1025
1025
1025
1025
1025
1026
1026
1026
1026
1026
1026
1026
1026
1026
1026
1027
1027
1027
1027
1027
1027
1027
1027
1027
1027
1028
1028
1028
1028
1028
1028
1028
1028
1028
1028
1029
1029
1029
1029
1029
1029
1029
1029
1029
1029
1030
1030
1030
1030
1030
1030
1030
1030
1030
1030
1033
1033
1033
1033
1033
1033
1033
1033
1033
1033
1039
1039
1039
1039
1039
1039
1039
1039
1039
1040
1040
1040
1040
1040
1040
1040
1040
1040
1041
1041
1041
1041
1041
1041
1041
1041
1041
1041
1043
1043
1046
1046
1046
1046
1046
1046
1046
1046
1046
1048
1048
1048
1048
1048
1048
1048
1048
1048
1048
1055
1055
1055
1055
1055
1055
1055
1055
1055
1057
1057
1057
1057
1057
1057
1057
1057
1057
1057
1059
1059
1059
1059
1059
1059
1059
1059
1059
1059
1063
1063
1063
1063
1063
1063
1063
1063
1063
1063
1067
1067
1067
1067
1068
1068
1068
1068
1068
1070
1075
1075
1075
1075
1075
1075
1075
1075
1075
1077
1080
1081
1081
1081
1081
1081
1081
1081
1081
1081
1081
1082
1082
1082
1082
1082
1082
1082
1082
1082
1082
1084
1084
1084
1084
1084
1084
1084
1084
1084
1084
1086
1086
1086
1086
1086
1086
1086
1086
1086
1089
1089
1089
1089
1089
1089
1089
1090
1090
1090
1090
1090
1090
1090
1090
1090
1091
1091
1091
1091
1091
1091
1091
1091
1091
1091
1094
1094
1094
1094
1094
1094
1094
1094
1094
1094
1098
1098
1098
1098
1098
1098
1098
1098
1098
1107
1108
1108
1108
1108
1108
1108
1108
1108
1108
1111
1111
1111
1111
1111
1111
1111
1111
1111
1111
1113
1113
1113
1113
1113
1113
1113
1113
1113
1117
1117
1117
1117
1117
1117
1117
1117
1117
1117
1118
1118
1118
1118
1118
1118
1118
1118
1118
1118
1124
1124
1124
1124
1124
1124
1124
1124
1124
1124
1124
1124
1126
1126
1129
1129
1129
1129
1129
1129
1129
1129
1129
1129
1130
1133
1134
1135
1135
1135
1135
1135
1135
1135
1135
1135
1135
1136
1136
1136
1136
1136
1136
1136
1136
1136
1136
1137
1137
1137
1137
1137
1137
1137
1137
1137
1137
1138
1138
1138
1138
1138
1138
1138
1138
1138
1139
1139
1139
1139
1139
1139
1139
1139
1139
1139
1141
1141
1141
1141
1141
1141
1141
1141
1141
1141
1143
1143
1143
1143
1143
1143
1143
1143
1143
1143
1144
1144
1144
1144
1144
1144
1144
1144
1144
1144
1146
1146
1154
1154
1154
1154
1154
1154
1154
1154
1154
1154
1155
1155
1155
1155
1155
1155
1155
1155
1155
1155
1158
1158
1158
1158
1158
1158
1158
1158
1158
1158
1161
1161
1161
1161
1161
1161
1161
1161
1161
1161
1162
1162
1162
1162
1162
1162
1162
1162
1162
1162
1163
1163
1163
1163
1163
1163
1163
1163
1163
1163
1165
1165
1165
1165
1165
1165
1165
1165
1165
1165
1167
1167
1167
1167
1167
1168
1168
1168
1168
1168
1168
1168
1168
1168
1168
1172
1172
1172
1172
1172
1172
1172
1172
1172
1173
1173
1173
1173
1173
1173
1173
1173
1173
1174
1174
1174
1174
1174
1174
1174
1174
1174
1176
1176
1176
1176
1176
1176
1176
1176
1176
1181
1181
1181
1181
1181
1181
1181
1181
1181
1181
1184
1189
1191
1191
1191
1191
1191
1191
1191
1191
1191
1191
1192
1192
1192
1192
1192
1192
1192
1192
1192
1193
1193
1193
1193
1193
1193
1193
1198
1198
1198
1198
1198
1198
1198
1198
1198
1198
1199
1199
1199
1199
1199
1199
1199
1199
1199
1199
1200
1200
1200
1200
1200
1200
1200
1200
1200
1200
1202
1204
1204
1204
1204
1204
1204
1204
1204
1204
1204
1205
1205
1205
1205
1205
1205
1205
1205
1205
1205
1207
1207
1207
1207
1207
1207
1207
1207
1207
1207
1209
1209
1209
1209
1209
1209
1209
1209
1209
1209
1211
1212
1212
1212
1212
1212
1212
1212
1212
1212
1216
1216
1217
1217
1217
1217
1217
1217
1217
1217
1217
1217
1218
1218
1218
1218
1218
1218
1218
1218
1218
1222
1222
1222
1222
1222
1222
1222
1222
1222
1222
1223
1223
1223
1223
1223
1223
1223
1223
1223
1223
1228
1228
1228
1228
1228
1228
1228
1228
1229
1229
1229
1229
1229
1229
1229
1229
1229
1230
1230
1230
1230
1230
1230
1230
1230
1232
1232
1232
1232
1232
1232
1232
1232
1232
1232
1234
1234
1234
1234
1234
1234
1234
1234
1234
1234
1235
1235
1235
1235
1235
1235
1235
1235
1235
1235
1237
1237
1237
1237
1237
1237
1237
1237
1237
1241
1243
1243
1243
1243
1243
1243
1243
1243
1243
1245
1245
1245
1245
1245
1245
1245
1245
1245
1245
1247
1247
1247
1247
1247
1247
1247
1247
1247
1247
1250
1250
1250
1250
1250
1250
1250
1250
1250
1250
1251
1251
1251
1251
1251
1251
1251
1251
1251
1251
1253
1253
1253
1253
1254
1254
1254
1254
1254
1255
1255
1255
1255
1255
1255
1255
1255
1255
1255
1256
1258
1258
1258
1258
1258
1258
1258
1258
1258
1258
1259
1259
1259
1259
1259
1259
1259
1259
1259
1259
1260
1260
1260
1260
1260
1260
1260
1260
1260
1265
1266
1267
1267
1267
1267
1267
1267
1267
1267
1267
1273
1273
1273
1273
1273
1273
1273
1273
1273
1273
1275
1275
1275
1275
1275
1275
1275
1275
1275
1275
1276
1276
1276
1276
1276
1276
1276
1276
1276
1276
1278
1278
1278
1278
1278
1278
1278
1278
1278
1278
1279
1279
1279
1279
1279
1279
1279
1279
1279
1279
1281
1281
1281
1281
1281
1281
1281
1281
1281
1281
1284
1284
1284
1284
1284
1284
1284
1284
1284
1284
1286
1286
1286
1286
1286
1286
1286
1286
1286
1286
1287
1287
1287
1287
1287
1287
1287
1287
1287
1287
1289
1289
1289
1289
1289
1289
1289
1289
1289
1290
1290
1290
1290
1290
1290
1290
1290
1290
1290
1292
1294
1294
1294
1294
1294
1294
1294
1294
1294
1294
1297
1297
1297
1297
1297
1297
1297
1297
1297
1297
1301
1301
1301
1301
1301
1301
1301
1301
1301
1305
1305
1305
1305
1305
1305
1305
1305
1305
1305
1307
1307
1307
1307
1307
1307
1307
1307
1307
1307
1308
1308
1308
1308
1308
1310
1310
1310
1310
1310
1310
1310
1310
1310
1310
1317
1317
1317
1317
1317
1317
1317
1317
1317
1317
1318
1318
1318
1318
1318
1318
1318
1318
1318
1318
1319
1319
1319
1319
1319
1319
1319
1319
1319
1319
1323
1323
1323
1323
1323
1323
1323
1323
1323
1325
1326
1326
1326
1326
1326
1328
1328
1328
1328
1328
1328
1328
1328
1328
1328
1331
1331
1331
1331
1331
1331
1331
1331
1331
1331
1333
1333
1333
1333
1333
1333
1333
1333
1333
1333
1336
1337
1337
1337
1337
1337
1337
1337
1337
1337
1337
1338
1338
1338
1338
1338
1338
1338
1338
1338
1338
1339
1341
1341
1341
1341
1341
1341
1341
1341
1341
1341
1343
1343
1343
1343
1343
1343
1343
1343
1343
1343
1344
1344
1344
1344
1344
1344
1344
1344
1344
1344
1346
1346
1346
1346
1346
1346
1346
1346
1346
1346
1352
1352
1352
1352
1352
1352
1352
1352
1352
1352
1354
1354
1354
1354
1354
1354
1354
1354
1354
1356
1356
1356
1356
1356
1356
1356
1356
1356
1359
1359
1359
1359
1359
1359
1359
1359
1359
1359
1360
1360
1360
1360
1360
1361
1361
1361
1361
1361
1361
1361
1361
1361
1361
1362
1362
1362
1362
1362
1362
1362
1362
1362
1362
1365
1365
1365
1365
1365
1365
1365
1365
1365
1366
1366
1366
1366
1366
1366
1366
1366
1366
1367
1369
1369
1369
1369
1369
1369
1369
1369
1369
1369
1370
1370
1370
1370
1370
1370
1370
1370
1370
1377
1377
1377
1377
1377
1377
1377
1377
1377
1377
1379
1379
1379
1379
1379
1379
1379
1379
1379
1379
1380
1380
1380
1380
1380
1380
1380
1380
1380
1380
1382
1382
1382
1382
1382
1382
1382
1382
1382
1382
1382
1382
1382
1382
1382
1382
1382
1382
1382
1382
1382
1382
1382
1382
1382
1382
1382
1382
1382
1383
1383
1383
1383
1383
1383
1383
1383
1383
1383
1385
1385
1385
1385
1385
1385
1385
1385
1385
1385
1387
1387
1387
1387
1387
1387
1387
1388
1388
1388
1388
1388
1388
1388
1388
1388
1389
1389
1389
1389
1389
1389
1389
1389
1389
1389
1390
1390
1390
1390
1390
1390
1390
1390
1390
1390
1393
1393
1393
1393
1393
1393
1393
1393
1393
1393
1394
1394
1394
1394
1394
1394
1394
1394
1394
1394
1396
1396
1396
1396
1396
1396
1396
1396
1396
1396
1397
1397
1397
1397
1397
1397
1397
1397
1397
1397
1398
1398
1398
1398
1398
1398
1398
1399
1399
1399
1399
1399
1399
1399
1399
1399
1399
1400
1400
1400
1400
1400
1400
1400
1400
1400
1400
1401
1401
1401
1401
1401
1401
1401
1401
1401
1402
1402
1402
1402
1402
1402
1402
1402
1402
1402
1403
1403
1403
1403
1403
1403
1403
1403
1403
1403
1404
1404
1404
1404
1404
1404
1404
1404
1404
1404
1409
1409
1409
1409
1409
1409
1409
1409
1409
1411
1411
1411
1411
1411
1411
1411
1411
1411
1412
1412
1412
1412
1412
1412
1412
1412
1412
1412
1413
1413
1413
1413
1413
1413
1413
1413
1413
1413
1414
1414
1414
1414
1414
1414
1414
1414
1414
1414
1415
1415
1415
1415
1415
1415
1415
1415
1415
1415
1417
1417
1417
1417
1417
1417
1417
1417
1417
1417
1419
1419
1419
1419
1419
1419
1419
1419
1419
1419
1424
1424
1424
1424
1424
1424
1424
1424
1424
1424
1426
1426
1426
1426
1426
1426
1426
1426
1426
1426
1427
1429
1429
1429
1429
1429
1429
1429
1429
1429
1430
1430
1430
1430
1430
1430
1430
1430
1430
1430
1431
1431
1431
1431
1431
1431
1431
1431
1431
1431
1433
1433
1433
1433
1433
1433
1433
1433
1433
1433
1434
1434
1434
1434
1434
1434
1434
1434
1434
1434
1438
1438
1438
1438
1438
1438
1438
1438
1438
1438
1440
1440
1440
1440
1440
1440
1440
1440
1440
1440
1441
1441
1441
1441
1441
1441
1441
1441
1441
1442
1443
1444
1444
1445
1445
1445
1445
1445
1445
1445
1445
1445
1445
1453
1453
1453
1453
1453
1453
1453
1453
1453
1453
1454
1454
1454
1454
1454
1454
1454
1454
1454
1454
1458
1458
1458
1458
1458
1458
1458
1458
1458
1458
1459
1459
1459
1459
1459
1459
1459
1459
1459
1459
1460
1462
1462
1462
1462
1462
1462
1462
1462
1462
1462
1466
1466
1466
1466
1466
1466
1466
1466
1466
1466
1473
1473
1473
1473
1473
1473
1473
1473
1473
1473
1474
1476
1476
1476
1476
1476
1476
1476
1476
1476
1476
1477
1477
1477
1477
1477
1477
1477
1477
1477
1478
1478
1478
1478
1478
1478
1478
1478
1478
1478
1484
1484
1484
1484
1484
1484
1484
1484
1484
1485
1485
1485
1485
1485
1485
1485
1485
1485
1485
1487
1487
1487
1487
1487
1487
1487
1487
1487
1487
1493
1494
1494
1494
1494
1494
1494
1494
1494
1494
1494
1495
1497
1497
1497
1497
1497
1497
1497
1497
1497
1497
1504
1504
1504
1504
1504
1504
1504
1504
1504
1504
1506
1506
1506
1506
1506
1506
1506
1506
1506
1506
1518
1519
1519
1519
1519
1519
1519
1519
1519
1519
1519
1520
1520
1520
1520
1520
1520
1520
1520
1520
1520
1522
1522
1522
1522
1522
1522
1522
1522
1522
1522
1527
1527
1527
1527
1527
1527
1527
1527
1527
1527
1529
1529
1529
1529
1529
1529
1529
1529
1529
1529
1531
1531
1531
1531
1531
1531
1531
1531
1531
1531
1533
1533
1533
1533
1533
1533
1533
1533
1533
1533
1534
1534
1534
1534
1534
1534
1534
1534
1534
1534
1534
1534
1534
1534
1534
1534
1534
1534
1534
1535
1535
1535
1535
1535
1535
1535
1535
1535
1535
1536
1537
1537
1537
1537
1537
1537
1537
1537
1537
1537
1540
1540
1540
1540
1540
1540
1540
1540
1540
1540
1541
1541
1541
1541
1541
1541
1541
1541
1541
1541
1544
1544
1544
1544
1545
1546
1546
1546
1546
1546
1546
1546
1546
1546
1546
1547
1547
1547
1547
1547
1547
1547
1547
1547
1547
1548
1548
1548
1548
1548
1548
1548
1548
1548
1548
1549
1549
1549
1549
1549
1549
1549
1550
1550
1550
1550
1550
1550
1550
1550
1550
1550
1556
1556
1556
1556
1556
1556
1556
1556
1556
1556
1557
1557
1557
1557
1557
1557
1557
1557
1557
1557
1559
1559
1559
1559
1559
1559
1559
1559
1559
1561
1561
1561
1561
1561
1561
1561
1561
1561
1561
1562
1562
1562
1562
1562
1562
1562
1562
1562
1562
1564
1564
1564
1564
1564
1564
1564
1564
1564
1564
1566
1566
1566
1566
1566
1566
1566
1566
1566
1566
1569
1569
1569
1569
1569
1569
1569
1569
1569
1569
1572
1572
1572
1572
1572
1572
1572
1572
1572
1572
1573
1573
1573
1573
1573
1573
1573
1573
1573
1573
1573
1573
1573
1577
1577
1579
1579
1579
1579
1579
1579
1579
1579
1579
1582
1582
1582
1582
1582
1582
1582
1582
1582
1584
1585
1585
1585
1585
1585
1585
1585
1585
1585
1585
1586
1586
1586
1586
1586
1586
1586
1586
1586
1586
1589
1589
1589
1589
1589
1589
1589
1589
1589
1589
1590
1590
1590
1590
1590
1590
1590
1590
1590
1594
1596
1596
1596
1596
1596
1596
1596
1596
1596
1596
1600
1600
1600
1600
1600
1600
1600
1600
1600
1600
1601
1601
1601
1601
1601
1601
1601
1601
1601
1601
1602
1602
1602
1602
1602
1602
1602
1602
1602
1602
1603
1603
1603
1603
1603
1603
1603
1603
1603
1603
1605
1605
1605
1605
1605
1605
1605
1605
1605
1605
1610
1610
1610
1610
1610
1610
1610
1610
1610
1610
1612
1612
1612
1612
1616
1616
1616
1616
1616
1616
1616
1616
1616
1616
1620
1620
1620
1620
1620
1620
1620
1620
1620
1620
1625
1625
1625
1625
1625
1625
1625
1625
1625
1625
1626
1626
1626
1626
1626
1626
1626
1626
1626
1626
1627
1627
1627
1627
1627
1632
1633
1633
1633
1633
1633
1633
1633
1633
1633
1636
1636
1636
1636
1636
1636
1636
1636
1636
1636
1637
1637
1637
1637
1637
1637
1637
1637
1637
1637
1638
1641
1641
1641
1641
1641
1641
1641
1641
1641
1644
1644
1644
1644
1644
1644
1644
1644
1644
1644
1647
1647
1647
1647
1647
1647
1647
1647
1647
1648
1649
1649
1649
1649
1649
1649
1649
1649
1650
1650
1650
1650
1650
1650
1650
1650
1650
1650
1651
1651
1651
1651
1651
1651
1651
1651
1651
1651
1653
1653
1653
1653
1653
1654
1654
1654
1654
1654
1654
1654
1654
1654
1654
1656
1656
1657
1657
1657
1657
1657
1657
1657
1657
1657
1657
1658
1658
1658
1658
1658
1658
1658
1658
1658
1658
1659
1659
1659
1659
1659
1659
1659
1659
1659
1659
1663
1663
1663
1663
1663
1663
1665
1665
1665
1665
1665
1665
1665
1665
1665
1665
1666
1666
1666
1666
1666
1666
1666
1666
1666
1668
1668
1668
1668
1668
1669
1669
1669
1669
1669
1669
1669
1669
1669
1670
1670
1670
1670
1670
1670
1670
1670
1670
1670
1672
1673
1673
1673
1673
1673
1673
1673
1673
1673
1673
1674
1674
1674
1674
1674
1674
1674
1674
1674
1674
1675
1675
1675
1675
1675
1675
1675
1675
1675
1675
1675
1675
1675
1675
1675
1675
1675
1675
1675
1675
1675
1675
1675
1675
1675
1675
1675
1675
1675
1675
1675
1675
1675
1675
1675
1675
1675
1675
1675
1675
1675
1675
1675
1675
1675
1675
1675
1676
1676
1676
1676
1676
1676
1676
1676
1676
1676
1680
1683
1685
1685
1685
1685
1685
1685
1685
1685
1685
1685
1687
1687
1687
1687
1687
1687
1687
1687
1687
1687
1691
1692
1692
1692
1692
1692
1692
1692
1692
1692
1692
1694
1694
1694
1694
1694
1694
1694
1694
1698
1698
1698
1698
1698
1698
1698
1698
1698
1698
1699
1699
1699
1699
1699
1699
1699
1699
1699
1700
1700
1700
1700
1700
1700
1700
1700
1700
1701
1701
1701
1701
1701
1701
1701
1701
1701
1703
1703
1703
1703
1703
1703
1703
1703
1703
1704
1704
1704
1704
1704
1704
1704
1704
1704
1704
1706
1706
1706
1706
1706
1706
1706
1706
1706
1706
1707
1707
1707
1707
1707
1707
1707
1707
1707
1707
1709
1709
1709
1709
1709
1709
1709
1709
1709
1709
1710
1711
1712
1713
1713
1713
1713
1713
1713
1713
1713
1713
1713
1714
1714
1714
1714
1714
1714
1714
1714
1714
1714
1717
1717
1717
1717
1717
1717
1717
1717
1717
1717
1721
1721
1721
1721
1721
1721
1721
1721
1721
1722
1723
1723
1723
1723
1723
1723
1723
1723
1723
1724
1724
1724
1724
1724
1724
1724
1724
1724
1724
1729
1729
1729
1729
1729
1729
1729
1729
1729
1729
1732
1732
1732
1732
1732
1732
1732
1732
1732
1732
1733
1733
1733
1733
1733
1733
1733
1733
1733
1733
1734
1734
1734
1734
1734
1734
1734
1734
1734
1735
1735
1735
1735
1735
1735
1735
1735
1735
1735
1737
1737
1737
1737
1737
1737
1737
1737
1737
1739
1739
1739
1739
1739
1739
1739
1739
1739
1739
1740
1740
1740
1740
1740
1740
1740
1740
1740
1740
1742
1742
1742
1742
1742
1742
1742
1742
1742
1742
1743
1743
1743
1743
1743
1743
1743
1743
1743
1743
1746
1746
1746
1746
1746
1746
1746
1746
1746
1746
1748
1748
1748
1748
1748
1748
1748
1748
1748
1749
1749
1749
1749
1749
1749
1749
1749
1749
1749
1750
1750
1750
1750
1750
1750
1750
1750
1750
1750
1751
1751
1751
1751
1751
1752
1752
1752
1752
1752
1752
1752
1752
1752
1752
1753
1753
1753
1753
1753
1753
1753
1753
1753
1753
1758
1758
1758
1758
1758
1758
1758
1758
1758
1758
1765
1765
1765
1765
1765
1765
1765
1765
1765
1766
1766
1766
1766
1767
1767
1767
1767
1767
1767
1767
1767
1767
1767
1770
1772
1772
1772
1772
1772
1772
1772
1772
1772
1772
1780
1780
1780
1780
1780
1782
1782
1782
1782
1782
1782
1782
1782
1782
1782
1784
1784
1784
1784
1784
1784
1784
1784
1784
1785
1785
1785
1785
1785
1785
1785
1785
1785
1785
1786
1786
1786
1786
1786
1786
1786
1786
1786
1787
1787
1787
1787
1787
1787
1787
1787
1787
1792
1792
1792
1792
1792
1792
1792
1792
1792
1792
1793
1793
1793
1793
1793
1793
1793
1793
1794
1794
1794
1794
1794
1794
1794
1794
1794
1794
1799
1799
1799
1799
1799
1799
1799
1799
1799
1799
1805
1805
1805
1805
1805
1805
1805
1805
1805
1805
1806
1806
1806
1806
1806
1806
1806
1806
1806
1806
1811
1811
1811
1811
1811
1811
1811
1811
1811
1811
1813
1813
1813
1813
1813
1813
1813
1813
1813
1813
1814
1814
1814
1814
1814
1814
1814
1814
1814
1814
1815
1815
1815
1815
1815
1815
1815
1815
1815
1815
1816
1816
1816
1816
1816
1816
1816
1816
1816
1816
1818
1818
1818
1818
1818
1818
1818
1818
1818
1818
1819
1819
1819
1819
1819
1819
1819
1819
1819
1819
1820
1820
1820
1820
1820
1820
1820
1820
1820
1820
1821
1821
1821
1821
1821
1821
1821
1821
1821
1821
1827
1827
1827
1827
1827
1827
1827
1827
1827
1831
1832
1832
1832
1832
1832
1832
1832
1832
1832
1832
1834
1834
1834
1834
1834
1834
1834
1834
1834
1836
1836
1836
1836
1836
1836
1836
1836
1836
1839
1839
1839
1839
1839
1839
1839
1839
1839
1839
1842
1842
1842
1842
1842
1842
1842
1842
1842
1842
1843
1843
1843
1843
1843
1843
1843
1843
1843
1843
1844
1844
1844
1844
1844
1844
1844
1844
1844
1844
1847
1847
1847
1847
1847
1847
1847
1847
1847
1847
1848
1848
1848
1848
1848
1848
1848
1848
1848
1850
1850
1850
1850
1850
1850
1850
1850
1850
1850
1854
1854
1854
1854
1854
1854
1854
1854
1854
1854
1855
1855
1855
1855
1855
1855
1855
1855
1855
1855
1856
1856
1856
1856
1856
1856
1856
1856
1856
1857
1857
1857
1857
1857
1857
1857
1857
1857
1857
1859
1859
1859
1859
1859
1859
1859
1859
1859
1862
1862
1862
1862
1862
1862
1862
1862
1862
1862
1864
1864
1864
1864
1864
1864
1864
1864
1864
1864
1866
1866
1866
1866
1866
1866
1866
1866
1866
1867
1867
1867
1867
1867
1867
1867
1867
1867
1867
1868
1868
1868
1868
1868
1868
1868
1868
1868
1868
1870
1870
1870
1870
1870
1870
1870
1870
1870
1870
1871
1872
1872
1872
1872
1872
1872
1872
1872
1872
1872
1876
1877
1877
1877
1877
1877
1877
1877
1877
1877
1877
1880
1880
1880
1880
1880
1880
1880
1880
1880
1880
1881
1881
1881
1881
1881
1881
1881
1881
1881
1881
1882
1882
1882
1882
1882
1882
1882
1882
1882
1882
1883
1883
1883
1883
1883
1883
1883
1883
1883
1883
1884
1884
1884
1884
1884
1884
1884
1884
1884
1884
1885
1885
1885
1885
1885
1885
1885
1885
1885
1885
1888
1888
1888
1888
1888
1888
1888
1888
1888
1888
1889
1889
1889
1889
1889
1889
1889
1889
1889
1889
1890
1890
1890
1890
1890
1890
1890
1890
1890
1890
1890
1890
1890
1890
1890
1890
1890
1890
1890
1890
1890
1890
1890
1890
1890
1890
1890
1890
1890
1890
1890
1890
1890
1890
1891
1891
1891
1891
1891
1891
1891
1891
1891
1891
1893
1893
1895
1896
1896
1896
1896
1896
1896
1896
1896
1896
1896
1904
1904
1904
1904
1904
1904
1904
1904
1904
1907
1907
1907
1907
1907
1907
1907
1907
1910
1910
1910
1910
1910
1910
1910
1910
1910
1910
1917
1917
1917
1917
1917
1917
1917
1917
1917
1917
1920
1920
1920
1920
1920
1920
1920
1920
1920
1920
1922
1922
1922
1922
1922
1922
1922
1922
1922
1922
1923
1923
1923
1923
1923
1923
1923
1923
1923
1923
1924
1924
1924
1924
1924
1924
1926
1926
1926
1926
1926
1926
1926
1926
1926
1926
1929
1929
1929
1929
1929
1929
1929
1929
1929
1929
1930
1930
1930
1930
1930
1930
1930
1930
1930
1930
1932
1932
1932
1932
1932
1932
1932
1932
1932
1934
1934
1934
1934
1934
1934
1934
1934
1934
1939
1941
1941
1941
1941
1941
1941
1941
1941
1941
1941
1942
1942
1942
1942
1942
1942
1942
1942
1942
1943
1943
1943
1943
1943
1943
1943
1943
1943
1943
1945
1945
1945
1945
1945
1945
1945
1945
1945
1945
1946
1946
1946
1946
1946
1946
1946
1946
1947
1947
1947
1947
1947
1947
1947
1947
1947
1947
1948
1948
1948
1948
1948
1948
1948
1948
1948
1948
1950
1950
1950
1950
1950
1951
1958
1958
1958
1958
1958
1958
1958
1958
1958
1958
1968
1968
1968
1968
1968
1968
1968
1968
1968
1969
1969
1969
1969
1969
1969
1969
1969
1969
1969
1971
1971
1971
1971
1971
1971
1971
1971
1971
1971
1972
1972
1972
1972
1972
1972
1972
1972
1972
1972
1973
1973
1973
1973
1973
1973
1973
1973
1973
1974
1974
1974
1974
1974
1974
1974
1974
1974
1974
1981
1981
1981
1981
1981
1981
1981
1981
1981
1981
1982
1984
1984
1984
1984
1984
1986
1987
1987
1987
1987
1987
1987
1987
1987
1987
1987
1988
1989
1989
1989
1989
1989
1992
1992
1992
1992
1992
1992
1992
1992
1992
1992
1994
1994
1994
1994
1994
1994
1994
1994
1994
1994
1994
1994
1994
1994
1994
1994
1994
1994
1994
1994
1994
1994
1994
1994
1995
1996
1996
1996
1996
1996
1996
1996
1996
1996
1996
1998
1999
1999
1999
1999
1999
1999
1999
1999
1999
1999
2001
2001
2001
2001
2001
2001
2001
2001
2001
2001
2003
2003
2003
2003
2003
2003
2003
2003
2003
2003
2007
2007
2007
2007
2007
2007
2007
2007
2007
2007
2014
2014
2014
2014
2014
2014
2014
2014
2014
2014
2017
2017
2017
2017
2017
2017
2017
2017
2017
2017
2020
2020
2020
2020
2020
2020
2020
2020
2020
2020
2022
2023
2023
2023
2023
2023
2023
2023
2023
2023
2023
2024
2024
2024
2024
2024
2024
2024
2024
2024
2024
2032
2032
2032
2032
2032
2032
2032
2032
2032
2032
2037
2037
2037
2037
2037
2037
2037
2037
2037
2037
2038
2038
2038
2038
2038
2038
2038
2038
2038
2038
2039
2039
2039
2039
2039
2039
2039
2039
2039
2039
2043
2043
2043
2043
2043
2043
2043
2043
2043
2043
2046
2046
2046
2046
2046
2046
2046
2046
2046
2046
2047
2047
2047
2047
2047
2047
2047
2047
2047
2047
2048
2048
2048
2048
2048
2048
2048
2048
2048
2048
2049
2049
2049
2049
2049
2049
2049
2049
2049
2049
2050
2050
2050
2050
2050
2050
2050
2050
2050
2050
2052
2052
2052
2052
2052
2052
2052
2052
2052
2053
2053
2053
2053
2053
2053
2053
2053
2053
2053
2055
2055
2055
2055
2055
2055
2055
2055
2055
2055
2056
2056
2056
2056
2056
2056
2056
2056
2056
2056
2060
2065
2066
2066
2066
2066
2066
2066
2066
2066
2066
2066
2068
2068
2068
2068
2068
2068
2068
2069
2069
2069
2069
2069
2069
2069
2069
2069
2069
2070
2070
2070
2070
2070
2070
2070
2070
2070
2070
2075
2075
2075
2075
2075
2075
2075
2075
2075
2075
2079
2079
2079
2079
2079
2079
2079
2079
2079
2079
2080
2080
2080
2080
2080
2080
2080
2080
2080
2080
2084
2084
2084
2084
2084
2084
2084
2084
2084
2084
2086
2086
2086
2086
2086
2086
2086
2086
2086
2086
2087
2087
2087
2087
2087
2087
2087
2087
2087
2087
2088
2088
2088
2088
2088
2088
2088
2088
2088
2088
2091
2091
2091
2091
2091
2091
2091
2091
2091
2091
2092
2092
2092
2092
2092
2092
2092
2092
2092
2092
2093
2093
2093
2093
2093
2093
2093
2093
2093
2093
2094
2094
2094
2094
2094
2094
2094
2094
2094
2094
2095
2096
2096
2096
2096
2096
2096
2096
2096
2096
2096
2102
2102
2102
2102
2102
2102
2102
2102
2102
2102
2112
2112
2112
2112
2112
2112
2112
2112
2112
2112
2114
2114
2114
2114
2114
2114
2114
2114
2114
2114
2115
2115
2115
2115
2115
2115
2115
2115
2115
2115
2116
2116
2116
2116
2116
2116
2116
2116
2116
2116
2133
2133
2133
2133
2133
2133
2133
2133
2133
2133
2134
2134
2134
2134
2134
2134
2134
2134
2134
2134
2136
2143
2143
2143
2143
2143
2143
2143
2143
2143
2143
2145
2145
2145
2145
2145
2145
2145
2145
2145
2145
2146
2146
2146
2146
2146
2146
2146
2146
2146
2148
2148
2148
2148
2148
2148
2148
2148
2148
2148
2153
2153
2153
2153
2153
2153
2153
2153
2153
2153
2156
2156
2156
2156
2156
2156
2156
2156
2156
2156
2158
2158
2158
2158
2158
2158
2158
2158
2158
2158
2164
2164
2164
2164
2164
2164
2164
2164
2164
2164
2171
2172
2172
2172
2172
2172
2172
2172
2172
2172
2172
2173
2174
2176
2176
2176
2176
2176
2176
2176
2176
2176
2178
2178
2178
2178
2178
2178
2178
2178
2178
2181
2181
2181
2181
2181
2181
2181
2181
2181
2181
2184
2184
2184
2184
2184
2193
2193
2193
2193
2193
2193
2193
2193
2193
2193
2195
2195
2195
2195
2195
2195
2195
2195
2195
2199
2199
2199
2199
2199
2199
2199
2199
2199
2199
2201
2201
2201
2201
2201
2201
2201
2201
2201
2201
2205
2205
2205
2205
2205
2205
2205
2205
2205
2217
2217
2217
2217
2217
2217
2217
2217
2217
2217
2221
2221
2221
2221
2221
2221
2221
2221
2221
2223
2223
2223
2223
2223
2223
2223
2223
2223
2223
2224
2224
2224
2224
2224
2224
2224
2224
2224
2225
2225
2225
2225
2225
2225
2225
2225
2225
2225
2226
2226
2226
2226
2226
2226
2226
2226
2226
2226
2228
2228
2228
2228
2228
2228
2228
2228
2228
2228
2231
2231
2231
2231
2231
2231
2231
2231
2231
2231
2237
2237
2237
2237
2237
2237
2237
2237
2237
2237
2241
2241
2241
2241
2241
2241
2241
2241
2241
2241
2243
2243
2243
2243
2243
2243
2243
2243
2243
2243
2244
2244
2244
2244
2244
2244
2244
2244
2244
2244
2245
2248
2248
2248
2248
2248
2248
2248
2248
2248
2248
2252
2252
2252
2252
2252
2252
2252
2252
2252
2252
2253
2253
2253
2253
2253
2253
2253
2253
2253
2260
2260
2260
2260
2260
2260
2260
2260
2260
2260
2261
2261
2261
2261
2261
2261
2261
2261
2261
2261
2262
2262
2262
2262
2262
2267
2267
2267
2267
2267
2267
2267
2267
2267
2267
2269
2269
2269
2269
2269
2269
2269
2269
2269
2269
2275
2275
2275
2275
2275
2275
2275
2275
2275
2275
2278
2278
2278
2278
2278
2278
2278
2278
2278
2278
2279
2279
2279
2279
2279
2279
2279
2279
2279
2279
2281
2281
2281
2281
2281
2281
2281
2281
2281
2281
2284
2285
2285
2285
2285
2285
2285
2285
2285
2285
2285
2286
2286
2286
2286
2286
2286
2286
2286
2286
2286
2288
2288
2288
2288
2288
2288
2288
2288
2288
2288
2290
2290
2290
2290
2290
2290
2290
2290
2290
2290
2292
2292
2292
2292
2292
2292
2292
2292
2292
2292
2293
2293
2293
2293
2293
2293
2293
2293
2293
2293
2295
2295
2295
2295
2295
2295
2295
2295
2295
2296
2299
2299
2299
2299
2299
2299
2299
2299
2299
2299
2300
2300
2300
2300
2300
2300
2300
2300
2300
2304
2304
2304
2309
2309
2309
2309
2309
2309
2309
2309
2309
2309
2312
2312
2312
2312
2312
2312
2312
2312
2312
2312
2313
2313
2313
2313
2313
2313
2313
2313
2313
2313
2314
2314
2314
2314
2314
2314
2314
2314
2314
2314
2315
2315
2315
2315
2315
2315
2315
2315
2315
2315
2318
2318
2318
2318
2318
2318
2318
2318
2318
2318
2322
2322
2322
2322
2322
2322
2322
2322
2322
2322
2324
2324
2324
2324
2324
2324
2324
2324
2324
2324
2325
2325
2325
2325
2325
2325
2325
2325
2325
2326
2326
2329
2329
2329
2329
2329
2329
2329
2329
2329
2331
2332
2332
2332
2332
2332
2332
2332
2332
2332
2333
2333
2333
2333
2333
2333
2333
2333
2333
2333
2336
2336
2336
2336
2336
2336
2336
2336
2336
2336
2337
2337
2337
2337
2337
2337
2337
2337
2337
2338
2338
2338
2338
2338
2338
2338
2338
2338
2338
2343
2343
2343
2343
2343
2343
2343
2343
2343
2343
2345
2345
2345
2345
2345
2345
2345
2345
2345
2345
2347
2347
2347
2347
2347
2347
2347
2347
2347
2348
2350
2350
2350
2350
2350
2350
2350
2350
2350
2350
2351
2351
2351
2351
2351
2351
2351
2351
2351
2352
2352
2352
2352
2352
2352
2352
2352
2352
2352
2356
2356
2356
2356
2356
2356
2356
2356
2356
2358
2358
2358
2358
2358
2358
2358
2358
2360
2360
2360
2360
2360
2360
2360
2360
2360
2360
2361
2361
2361
2361
2361
2362
2362
2362
2362
2362
2362
2362
2362
2362
2362
2364
2364
2364
2364
2374
2374
2374
2374
2374
2374
2374
2374
2374
2374
2375
2375
2375
2375
2375
2375
2375
2375
2375
2375
2376
2376
2376
2376
2376
2376
2376
2376
2376
2377
2377
2377
2377
2377
2377
2377
2377
2377
2377
2381
2381
2381
2381
2381
2381
2381
2381
2381
2381
2384
2384
2384
2384
2384
2384
2384
2384
2384
2388
2388
2388
2388
2388
2388
2388
2388
2388
2388
2391
2391
2391
2391
2391
2391
2391
2391
2391
2391
2392
2392
2392
2392
2392
2392
2392
2392
2392
2392
2396
2396
2396
2396
2396
2396
2396
2396
2396
2398
2398
2398
2398
2398
2399
2399
2399
2399
2399
2399
2399
2399
2399
2399
2407
2407
2407
2407
2407
2407
2407
2407
2407
2407
2411
2411
2411
2411
2411
2411
2411
2411
2411
2411
2420
2420
2420
2420
2420
2420
2420
2420
2420
2420
2424
2424
2424
2424
2424
2424
2424
2424
2425
2425
2425
2425
2425
2425
2425
2425
2425
2425
2428
2428
2428
2428
2428
2428
2428
2428
2428
2428
2440
2440
2440
2440
2444
2444
2444
2444
2444
2444
2444
2444
2444
2444
2451
2451
2451
2451
2451
2451
2451
2451
2451
2451
2452
2452
2452
2452
2452
2452
2452
2452
2452
2452
2453
2453
2453
2453
2453
2453
2453
2453
2453
2454
2456
2459
2459
2459
2459
2459
2459
2459
2459
2459
2459
2460
2460
2460
2460
2460
2460
2460
2460
2460
2460
2461
2461
2461
2461
2461
2461
2461
2461
2461
2461
2463
2463
2463
2463
2463
2463
2463
2463
2463
2463
2464
2464
2464
2464
2464
2464
2464
2464
2464
2464
2465
2465
2465
2465
2465
2465
2465
2465
2465
2465
2471
2471
2471
2471
2471
2471
2471
2471
2471
2474
2474
2474
2474
2474
2474
2474
2474
2474
2485
2485
2485
2485
2485
2485
2485
2485
2485
2485
2486
2486
2486
2486
2486
2486
2486
2486
2486
2486
2489
2490
2490
2490
2490
2490
2490
2490
2490
2490
2490
2492
2492
2492
2492
2492
2492
2492
2492
2492
2494
2494
2494
2494
2494
2498
2498
2498
2498
2498
2498
2498
2498
2498
2498
2500
2500
2500
2500
2500
2500
2500
2500
2500
2500
2501
2501
2501
2501
2501
2501
2501
2501
2501
2501
2503
2503
2503
2503
2503
2503
2503
2503
2503
2503
2504
2504
2504
2504
2504
2504
2504
2504
2504
2504
2505
2505
2505
2505
2505
2506
2506
2506
2506
2506
2506
2506
2506
2506
2506
2510
2510
2510
2510
2510
2510
2510
2510
2510
2510
2523
2523
2523
2523
2523
2523
2523
2523
2523
2523
2524
2524
2524
2524
2524
2524
2524
2524
2524
2524
2529
2529
2529
2529
2529
2529
2529
2529
2529
2529
2530
2530
2530
2530
2530
2530
2530
2530
2530
2530
2532
2532
2532
2532
2532
2532
2532
2532
2532
2532
2536
2544
2544
2544
2544
2544
2544
2544
2544
2544
2546
2546
2546
2546
2546
2546
2546
2546
2546
2546
2548
2548
2548
2548
2548
2548
2548
2548
2548
2548
2549
2549
2549
2549
2549
2549
2549
2549
2549
2549
2550
2551
2554
2554
2554
2554
2554
2554
2554
2554
2554
2559
2559
2559
2559
2559
2562
2562
2562
2562
2562
2562
2562
2562
2562
2562
2569
2569
2569
2569
2569
2569
2569
2569
2569
2569
2575
2575
2575
2575
2575
2575
2575
2575
2575
2575
2576
2576
2576
2576
2576
2577
2577
2577
2577
2577
2577
2577
2577
2577
2577
2578
2578
2578
2578
2578
2578
2578
2578
2578
2578
2581
2581
2581
2581
2581
2581
2581
2581
2581
2581
2589
2590
2590
2590
2590
2591
2591
2591
2591
2591
2591
2591
2591
2591
2593
2593
2593
2593
2593
2593
2593
2593
2593
2596
2596
2596
2596
2596
2596
2596
2596
2596
2596
2597
2597
2597
2597
2597
2597
2597
2597
2597
2597
2599
2599
2599
2599
2599
2599
2599
2599
2599
2604
2606
2606
2606
2606
2606
2606
2606
2606
2606
2606
2607
2607
2607
2607
2607
2607
2607
2607
2607
2607
2611
2612
2612
2612
2612
2612
2612
2612
2612
2612
2612
2614
2614
2614
2614
2614
2614
2614
2614
2614
2614
2614
2614
2614
2614
2614
2614
2614
2614
2614
2614
2614
2614
2615
2615
2615
2615
2615
2615
2615
2615
2615
2615
2617
2617
2617
2617
2617
2617
2617
2617
2621
2621
2621
2621
2621
2621
2621
2621
2621
2621
2622
2622
2622
2622
2622
2622
2622
2622
2622
2622
2626
2627
2627
2627
2627
2627
2627
2627
2627
2627
2629
2629
2629
2629
2629
2629
2629
2629
2629
2629
2634
2634
2634
2634
2634
2634
2634
2634
2634
2635
2635
2635
2635
2635
2635
2635
2635
2635
2635
2638
2638
2638
2638
2638
2638
2638
2638
2638
2638
2639
2639
2639
2639
2639
2639
2639
2639
2639
2639
2642
2642
2646
2646
2646
2646
2646
2646
2646
2646
2653
2653
2653
2653
2653
2653
2653
2653
2653
2654
2654
2654
2654
2654
2654
2654
2654
2654
2654
2657
2657
2657
2657
2657
2657
2657
2657
2657
2657
2659
2659
2659
2659
2659
2659
2659
2659
2660
2662
2663
2663
2663
2663
2663
2663
2663
2663
2663
2663
2666
2666
2666
2666
2666
2666
2666
2666
2666
2666
2670
2670
2670
2670
2670
2670
2670
2670
2670
2670
2676
2678
2678
2678
2678
2678
2678
2678
2678
2678
2678
2679
2679
2679
2679
2679
2679
2679
2679
2679
2679
2680
2680
2680
2680
2680
2680
2680
2680
2680
2681
2681
2681
2681
2681
2681
2681
2681
2681
2681
2682
2683
2683
2683
2683
2683
2683
2683
2683
2683
2683
2690
2690
2690
2690
2690
2690
2690
2690
2690
2690
2693
2693
2693
2693
2693
2693
2693
2693
2693
2693
2694
2695
2695
2695
2695
2695
2695
2695
2695
2695
2695
2698
2698
2698
2698
2698
2698
2698
2698
2698
2698
2699
2699
2699
2699
2699
2699
2699
2699
2699
2699
2702
2702
2702
2702
2702
2702
2702
2702
2702
2702
2704
2709
2709
2709
2709
2709
2709
2709
2709
2709
2709
2710
2710
2710
2710
2710
2710
2710
2710
2712
2712
2712
2712
2712
2712
2712
2712
2712
2712
2715
2715
2715
2715
2715
2715
2715
2715
2715
2715
2716
2716
2716
2716
2716
2716
2716
2716
2716
2716
2718
2718
2718
2718
2718
2718
2718
2718
2718
2718
2719
2719
2719
2719
2719
2719
2719
2719
2719
2719
2721
2721
2721
2721
2721
2721
2721
2721
2721
2723
2723
2723
2723
2723
2723
2723
2723
2723
2723
2728
2728
2728
2728
2728
2728
2728
2728
2728
2728
2732
2732
2732
2732
2732
2732
2732
2732
2732
2732
2733
2733
2733
2733
2733
2733
2733
2733
2733
2733
2735
2735
2735
2735
2735
2735
2735
2735
2735
2735
2743
2743
2743
2743
2743
2743
2743
2743
2743
2743
2748
2748
2748
2748
2748
2748
2748
2748
2748
2748
2750
2750
2750
2750
2750
2750
2750
2750
2750
2750
2751
2751
2751
2751
2751
2751
2751
2751
2751
2751
2757
2757
2757
2757
2761
2761
2761
2761
2761
2761
2761
2761
2761
2761
2767
2767
2767
2767
2767
2767
2767
2767
2767
2767
2770
2770
2770
2770
2770
2770
2770
2770
2770
2770
2773
2773
2773
2773
2773
2773
2773
2773
2773
2774
2777
2777
2777
2777
2777
2778
2779
2779
2779
2779
2779
2779
2779
2779
2779
2779
2781
2790
2790
2790
2790
2790
2790
2790
2790
2790
2790
2794
2794
2794
2794
2794
2794
2794
2794
2794
2796
2796
2796
2796
2796
2796
2796
2796
2796
2796
2797
2797
2797
2797
2797
2797
2797
2797
2797
2798
2798
2798
2798
2798
2798
2798
2798
2798
2798
2803
2803
2803
2803
2803
2803
2803
2803
2803
2803
2804
2804
2804
2804
2804
2804
2804
2804
2804
2804
2807
2807
2807
2807
2807
2807
2807
2807
2807
2807
2808
2808
2808
2808
2808
2808
2808
2808
2808
2808
2819
2819
2819
2819
2819
2819
2819
2819
2819
2819
2821
2821
2821
2821
2821
2821
2821
2821
2821
2821
2822
2822
2822
2822
2822
2822
2822
2822
2822
2822
2823
2823
2823
2823
2823
2823
2823
2823
2823
2823
2826
2826
2826
2826
2826
2826
2826
2826
2826
2826
2828
2828
2828
2828
2828
2828
2828
2828
2828
2829
2829
2829
2829
2829
2829
2829
2829
2829
2829
2831
2831
2831
2831
2831
2831
2831
2831
2831
2831
2835
2835
2835
2835
2835
2835
2835
2835
2835
2835
2847
2847
2847
2847
2847
2847
2847
2847
2847
2847
2852
2852
2852
2852
2852
2852
2852
2852
2852
2852
2852
2852
2852
2852
2852
2852
2852
2852
2852
2852
2852
2852
2852
2852
2852
2852
2852
2852
2859
2859
2859
2859
2859
2859
2859
2859
2859
2859
2860
2860
2860
2860
2860
2860
2860
2860
2860
2860
2861
2861
2861
2861
2861
2861
2861
2861
2861
2861
2862
2862
2862
2862
2862
2862
2862
2862
2862
2862
2864
2866
2866
2866
2866
2866
2866
2866
2866
2866
2866
2868
2868
2868
2868
2868
2868
2868
2868
2868
2868
2870
2870
2870
2870
2870
2870
2870
2870
2870
2870
2871
2871
2871
2871
2871
2871
2871
2871
2871
2873
2873
2873
2873
2873
2873
2873
2873
2873
2873
2875
2875
2875
2875
2875
2875
2875
2875
2875
2875
2879
2879
2879
2879
2879
2879
2879
2879
2879
2879
2881
2881
2881
2881
2881
2881
2881
2881
2881
2881
2883
2883
2883
2883
2883
2883
2883
2883
2883
2883
2885
2885
2885
2885
2885
2885
2885
2885
2885
2885
2886
2886
2886
2886
2886
2886
2886
2886
2886
2886
2887
2887
2887
2887
2887
2887
2887
2887
2887
2888
2888
2888
2888
2888
2888
2888
2888
2888
2888
2890
2890
2890
2890
2890
2890
2890
2890
2890
2892
2892
2892
2892
2892
2892
2892
2892
2892
2892
2897
2897
2897
2897
2897
2897
2897
2897
2897
2898
2898
2898
2898
2898
2898
2898
2898
2898
2898
2900
2900
2900
2900
2900
2900
2900
2900
2900
2900
2901
2901
2901
2901
2901
2901
2901
2901
2901
2901
2903
2903
2903
2903
2903
2903
2903
2903
2903
2903
2904
2904
2904
2904
2904
2904
2904
2904
2904
2904
2906
2906
2906
2906
2906
2906
2906
2906
2906
2906
2907
2907
2907
2907
2907
2907
2907
2907
2907
2907
2921
2921
2921
2921
2921
2921
2921
2921
2921
2921
2922
2922
2922
2922
2922
2922
2922
2922
2922
2922
2926
2927
2927
2927
2927
2927
2927
2927
2927
2927
2927
2930
2936
2936
2936
2936
2936
2936
2938
2938
2938
2938
2938
2938
2938
2938
2938
2939
2939
2939
2939
2939
2939
2939
2939
2939
2939
2942
2942
2942
2942
2942
2942
2942
2942
2942
2942
2944
2944
2944
2944
2944
2946
2946
2946
2946
2946
2946
2946
2946
2946
2946
2948
2948
2948
2948
2948
2948
2948
2948
2948
2948
2949
2949
2949
2949
2949
2949
2949
2949
2949
2949
2950
2952
2952
2952
2952
2952
2952
2952
2952
2952
2952
2958
2958
2958
2958
2958
2958
2958
2958
2958
2961
2961
2961
2961
2961
2961
2961
2961
2961
2961
2962
2962
2962
2962
2962
2962
2962
2962
2962
2974
2974
2974
2974
2974
2974
2974
2974
2974
2974
2986
2986
2986
2986
2986
2986
2986
2986
2986
2986
2988
2988
2988
2988
2988
2988
2988
2988
2988
2988
2989
2989
2991
2991
2991
2991
2991
2991
2991
2991
2991
2991
2992
2992
2992
2992
2992
2992
2992
2992
2992
2992
2997
2997
2997
2997
2997
2997
2997
2997
2997
2997
3001
3003
3003
3003
3003
3003
3003
3003
3003
3003
3003
3004
3004
3004
3004
3009
3009
3009
3009
3009
3009
3009
3009
3009
3010
3010
3010
3010
3010
3010
3010
3010
3010
3010
3011
3011
3011
3011
3011
3011
3011
3011
3011
3011
3014
3014
3014
3014
3014
3014
3014
3014
3014
3014
3016
3016
3016
3016
3016
3016
3016
3016
3016
3016
3023
3023
3023
3023
3023
3023
3023
3023
3023
3023
3024
3024
3024
3024
3024
3024
3024
3024
3024
3025
3025
3025
3025
3025
3026
3026
3026
3026
3026
3026
3026
3026
3026
3026
3027
3027
3027
3027
3027
3027
3027
3027
3027
3027
3032
3032
3032
3032
3032
3032
3032
3032
3032
3033
3033
3033
3033
3033
3033
3033
3033
3033
3033
3034
3034
3034
3034
3034
3034
3034
3034
3034
3037
3037
3037
3037
3037
3037
3037
3037
3037
3037
3038
3038
3038
3038
3038
3038
3038
3038
3038
3038
3039
3039
3040
3040
3040
3040
3040
3040
3040
3040
3040
3041
3041
3041
3041
3041
3041
3041
3041
3041
3041
3042
3042
3042
3042
3042
3042
3042
3042
3042
3042
3043
3043
3043
3043
3043
3043
3043
3043
3043
3043
3045
3045
3045
3045
3045
3045
3045
3045
3045
3045
3046
3046
3046
3046
3046
3046
3046
3046
3046
3046
3056
3056
3056
3056
3056
3056
3056
3056
3056
3058
3058
3058
3058
3058
3058
3058
3058
3058
3059
3059
3059
3059
3059
3059
3059
3059
3059
3059
3060
3060
3060
3060
3060
3060
3060
3060
3060
3060
3061
3061
3061
3061
3061
3061
3061
3061
3061
3063
3063
3063
3063
3063
3066
3066
3066
3066
3066
3066
3066
3066
3066
3066
3067
3067
3067
3067
3067
3067
3067
3067
3067
3067
3074
3074
3074
3074
3074
3077
3077
3077
3077
3077
3077
3077
3077
3077
3077
3078
3078
3078
3078
3078
3078
3078
3078
3078
3078
3080
3080
3080
3080
3080
3080
3080
3080
3080
3080
3081
3081
3081
3081
3081
3081
3081
3081
3081
3081
3086
3086
3086
3086
3086
3086
3086
3086
3086
3086
3087
3087
3087
3087
3087
3087
3087
3087
3087
3087
3088
3088
3088
3088
3088
3088
3088
3088
3088
3088
3092
3092
3092
3092
3092
3092
3092
3092
3092
3092
3095
3095
3095
3095
3095
3095
3095
3095
3095
3095
3095
3095
3095
3095
3095
3095
3095
3095
3096
3096
3096
3096
3096
3096
3096
3096
3096
3098
3098
3098
3098
3098
3098
3098
3098
3098
3098
3100
3100
3100
3100
3100
3100
3100
3100
3100
3100
3102
3102
3102
3102
3102
3102
3102
3102
3102
3102
3106
3115
3115
3115
3115
3115
3115
3115
3115
3115
3115
3117
3117
3117
3117
3117
3117
3117
3117
3117
3117
3120
3120
3120
3120
3120
3120
3120
3120
3120
3120
3126
3127
3127
3127
3127
3127
3127
3129
3129
3129
3129
3129
3135
3135
3135
3135
3135
3135
3135
3135
3135
3135
3137
3137
3137
3137
3137
3137
3137
3137
3137
3137
3138
3138
3138
3138
3138
3138
3138
3138
3138
3138
3140
3140
3140
3140
3140
3140
3140
3140
3140
3140
3142
3142
3142
3142
3142
3142
3142
3142
3142
3142
3147
3147
3147
3147
3148
3149
3149
3149
3149
3149
3149
3149
3149
3149
3149
3152
3152
3152
3152
3152
3152
3152
3152
3152
3152
3156
3156
3156
3156
3156
3156
3156
3156
3156
3160
3160
3160
3160
3160
3160
3160
3160
3160
3160
3163
3163
3163
3163
3163
3163
3163
3163
3163
3171
3171
3171
3171
3171
3171
3171
3171
3171
3171
3174
3174
3174
3174
3174
3176
3176
3176
3176
3176
3176
3176
3176
3176
3176
3178
3178
3178
3178
3178
3178
3178
3178
3178
3178
3179
3179
3179
3179
3179
3179
3179
3179
3179
3179
3190
3190
3190
3190
3190
3190
3190
3190
3190
3190
3191
3191
3191
3191
3191
3191
3191
3191
3191
3191
3192
3192
3192
3192
3192
3192
3192
3192
3192
3192
3193
3194
3197
3197
3197
3197
3197
3197
3197
3197
3197
3197
3200
3200
3200
3200
3200
3200
3200
3200
3200
3200
3202
3202
3202
3202
3202
3202
3202
3202
3202
3202
3206
3206
3206
3206
3206
3207
3207
3207
3207
3207
3207
3207
3207
3207
3208
3208
3208
3208
3208
3208
3208
3208
3208
3208
3210
3210
3210
3210
3210
3210
3210
3210
3210
3210
3213
3213
3213
3213
3213
3213
3213
3213
3213
3213
3220
3220
3220
3220
3220
3220
3220
3220
3220
3222
3222
3222
3222
3222
3222
3222
3222
3222
3222
3223
3223
3223
3223
3223
3224
3225
3225
3225
3225
3225
3225
3225
3225
3225
3225
3228
3228
3228
3228
3228
3228
3228
3228
3228
3228
3232
3232
3232
3232
3232
3232
3232
3232
3232
3232
3233
3233
3233
3233
3233
3233
3233
3233
3233
3233
3234
3235
3235
3235
3235
3235
3235
3235
3235
3235
3235
3236
3236
3236
3236
3236
3236
3236
3236
3236
3236
3244
3244
3244
3244
3244
3244
3244
3244
3244
3244
3246
3246
3246
3246
3246
3246
3246
3246
3246
3246
3247
3247
3247
3247
3247
3247
3247
3247
3247
3247
3250
3254
3255
3255
3255
3255
3255
3255
3255
3255
3255
3256
3256
3256
3256
3256
3256
3256
3256
3256
3257
3257
3257
3257
3257
3257
3257
3257
3257
3258
3258
3258
3258
3258
3258
3258
3258
3258
3258
3259
3259
3259
3259
3259
3259
3259
3259
3259
3259
3260
3260
3260
3260
3260
3260
3260
3260
3260
3266
3266
3266
3266
3266
3266
3266
3266
3269
3269
3269
3269
3269
3269
3269
3269
3269
3269
3270
3270
3270
3270
3270
3273
3273
3273
3273
3273
3273
3273
3273
3273
3274
3276
3276
3276
3276
3276
3276
3276
3276
3276
3281
3281
3281
3281
3281
3281
3281
3281
3281
3281
3284
3284
3284
3284
3284
3284
3284
3284
3284
3284
3285
3285
3285
3285
3285
3285
3285
3285
3285
3285
3295
3295
3295
3295
3295
3295
3295
3295
3295
3295
3296
3296
3296
3296
3296
3296
3296
3296
3296
3296
3297
3304
3304
3304
3304
3304
3304
3304
3304
3304
3304
3305
3305
3305
3305
3305
3305
3305
3305
3305
3305
3309
3309
3309
3309
3309
3309
3309
3309
3309
3309
3310
3310
3310
3310
3310
3310
3310
3310
3310
3310
3311
3311
3311
3311
3311
3312
3312
3312
3312
3312
3312
3312
3312
3312
3312
3315
3315
3315
3315
3315
3315
3315
3315
3315
3315
3317
3321
3321
3321
3321
3321
3323
3323
3323
3323
3323
3323
3323
3323
3323
3323
3326
3326
3326
3326
3326
3326
3326
3326
3326
3326
3327
3327
3327
3327
3327
3327
3327
3327
3327
3327
3333
3333
3333
3333
3333
3333
3333
3333
3333
3333
3337
3337
3337
3337
3337
3337
3337
3337
3337
3337
3338
3338
3338
3338
3338
3338
3338
3338
3341
3341
3341
3341
3341
3341
3341
3341
3341
3341
3344
3344
3344
3344
3344
3346
3346
3346
3346
3346
3346
3346
3346
3346
3346
3348
3348
3348
3348
3348
3348
3348
3348
3348
3348
3350
3350
3350
3350
3350
3350
3350
3350
3350
3350
3355
3355
3355
3355
3355
3355
3355
3355
3355
3355
3356
3356
3356
3356
3356
3356
3356
3356
3356
3356
3358
3358
3358
3358
3358
3358
3358
3358
3358
3358
3359
3360
3363
3363
3363
3363
3363
3363
3363
3363
3363
3363
3364
3364
3364
3364
3364
3364
3364
3364
3364
3369
3369
3369
3369
3369
3369
3369
3369
3369
3369
3371
3371
3371
3371
3373
3373
3373
3373
3373
3373
3373
3373
3373
3373
3374
3374
3374
3374
3374
3374
3374
3374
3374
3374
3378
3380
3380
3380
3380
3380
3380
3380
3380
3380
3382
3382
3382
3382
3382
3382
3382
3382
3382
3383
3383
3383
3383
3383
3383
3383
3383
3383
3390
3390
3390
3390
3390
3390
3390
3390
3390
3390
3393
3393
3393
3393
3393
3393
3393
3393
3394
3394
3394
3394
3394
3394
3394
3394
3394
3396
3396
3396
3396
3396
3396
3396
3396
3396
3396
3397
3398
3398
3398
3398
3398
3398
3398
3398
3398
3398
3403
3403
3403
3403
3403
3403
3403
3403
3403
3403
3405
3405
3405
3405
3405
3405
3405
3405
3405
3405
3406
3406
3406
3406
3406
3407
3407
3407
3407
3407
3407
3407
3407
3407
3407
3408
3408
3408
3408
3408
3408
3408
3408
3408
3408
3409
3409
3409
3409
3409
3409
3409
3409
3409
3409
3411
3411
3411
3411
3411
3411
3411
3411
3411
3412
3412
3412
3412
3412
3412
3412
3412
3412
3412
3415
3415
3415
3415
3415
3415
3415
3415
3415
3417
3417
3417
3417
3417
3417
3417
3417
3417
3428
3428
3428
3428
3428
3428
3428
3428
3428
3428
3429
3429
3429
3429
3429
3430
3431
3431
3431
3433
3433
3433
3433
3433
3433
3433
3433
3433
3433
3441
3441
3441
3441
3441
3441
3441
3441
3441
3441
3441
3441
3441
3441
3448
3448
3448
3448
3448
3448
3448
3448
3448
3448
3451
3451
3451
3451
3451
3451
3451
3451
3451
3451
3452
3452
3452
3452
3452
3452
3452
3452
3452
3452
3459
3459
3459
3459
3459
3459
3459
3459
3459
3459
3462
3462
3462
3462
3462
3462
3462
3462
3462
3462
3463
3463
3463
3463
3463
3463
3463
3463
3463
3465
3465
3465
3465
3465
3465
3465
3465
3465
3465
3466
3466
3466
3466
3466
3466
3466
3466
3466
3466
3468
3468
3468
3468
3468
3468
3468
3468
3468
3468
3469
3469
3469
3469
3469
3469
3469
3469
3469
3469
3470
3470
3470
3470
3470
3470
3470
3470
3470
3471
3471
3471
3471
3471
3475
3475
3475
3475
3475
3475
3475
3475
3475
3478
3479
3479
3479
3479
3479
3479
3479
3479
3479
3480
3480
3480
3480
3480
3480
3480
3480
3480
3480
3484
3484
3484
3484
3484
3484
3484
3484
3484
3484
3490
3495
3495
3495
3495
3495
3495
3495
3495
3495
3495
3496
3496
3496
3496
3496
3496
3496
3496
3496
3499
3500
3500
3500
3500
3500
3500
3500
3500
3500
3500
3503
3503
3503
3503
3503
3503
3503
3503
3503
3503
3505
3505
3505
3505
3505
3505
3505
3505
3505
3505
3507
3507
3507
3507
3507
3507
3507
3507
3507
3507
3514
3514
3514
3514
3514
3514
3514
3514
3514
3514
3515
3515
3515
3515
3515
3515
3515
3515
3515
3519
3519
3519
3519
3519
3521
3521
3521
3521
3521
3521
3521
3521
3521
3521
3522
3522
3522
3522
3522
3522
3522
3522
3522
3524
3524
3524
3524
3524
3524
3524
3524
3524
3524
3526
3526
3526
3526
3526
3526
3526
3526
3526
3526
3528
3528
3528
3528
3528
3528
3528
3528
3528
3528
3529
3529
3529
3529
3529
3529
3529
3529
3529
3531
3531
3531
3531
3531
3531
3531
3531
3531
3531
3535
3536
3536
3536
3536
3536
3536
3536
3536
3537
3537
3537
3537
3537
3537
3537
3537
3537
3537
3539
3539
3539
3539
3539
3539
3539
3539
3539
3539
3542
3542
3542
3542
3542
3542
3542
3542
3542
3544
3544
3544
3544
3544
3544
3544
3544
3544
3544
3547
3549
3549
3549
3549
3549
3549
3549
3549
3549
3549
3550
3550
3550
3550
3550
3550
3550
3550
3550
3550
3551
3551
3551
3551
3551
3551
3551
3551
3551
3551
3552
3552
3552
3552
3552
3552
3552
3552
3552
3552
3553
3553
3553
3553
3553
3553
3553
3553
3553
3553
3555
3555
3555
3555
3555
3555
3555
3555
3555
3555
3557
3557
3557
3557
3557
3557
3557
3557
3557
3557
3558
3558
3558
3558
3558
3558
3558
3558
3558
3560
3560
3560
3560
3560
3560
3560
3560
3560
3560
3564
3564
3564
3564
3564
3564
3564
3564
3566
3566
3566
3566
3566
3566
3566
3566
3566
3566
3568
3568
3568
3568
3568
3568
3568
3568
3568
3568
3571
3571
3571
3571
3571
3571
3571
3571
3571
3571
3573
3573
3573
3573
3573
3573
3573
3573
3573
3573
3575
3577
3577
3577
3577
3577
3577
3577
3577
3577
3577
3579
3579
3579
3579
3579
3579
3579
3579
3579
3579
3581
3587
3587
3587
3587
3587
3587
3587
3587
3587
3587
3588
3590
3594
3594
3594
3594
3594
3594
3594
3594
3594
3594
3599
3599
3599
3599
3599
3605
3607
3607
3607
3607
3607
3612
3613
3613
3613
3613
3613
3613
3613
3613
3615
3615
3615
3615
3615
3615
3615
3615
3616
3616
3616
3616
3616
3616
3616
3616
3616
3616
3621
3626
3626
3626
3626
3626
3627
3627
3627
3627
3627
3628
3631
3634
3634
3634
3634
3634
3634
3634
3634
3634
3634
3635
3635
3635
3635
3635
3635
3635
3635
3635
3635
3654
3654
3654
3654
3654
3654
3654
3654
3654
3654
3658
3658
3658
3658
3658
3658
3658
3658
3658
3660
3660
3660
3660
3660
3660
3660
3660
3660
3660
3670
3670
3670
3670
3670
3670
3670
3670
3670
3670
3673
3673
3673
3673
3673
3673
3673
3673
3673
3673
3676
3676
3676
3676
3676
3676
3676
3676
3676
3676
3690
3690
3690
3690
3690
3690
3690
3690
3690
3690
3693
3693
3693
3693
3693
3693
3693
3693
3693
3693
3694
3699
3699
3699
3699
3699
3699
3699
3699
3699
3699
3700
3700
3700
3700
3700
3700
3700
3700
3700
3700
3703
3703
3703
3703
3703
3703
3703
3703
3703
3705
3705
3705
3705
3705
3705
3705
3705
3705
3710
3710
3710
3714
3715
3715
3715
3715
3715
3715
3715
3715
3715
3715
3715
3716
3716
3716
3716
3716
3716
3716
3716
3716
3716
3719
3719
3719
3719
3719
3719
3719
3719
3719
3719
3726
3726
3726
3726
3726
3726
3726
3726
3726
3726
3728
3728
3728
3728
3728
3732
3732
3732
3732
3732
3732
3732
3732
3732
3733
3733
3733
3733
3733
3733
3733
3733
3733
3733
3734
3734
3734
3734
3734
3734
3734
3734
3734
3734
3737
3738
3738
3738
3738
3738
3738
3738
3738
3738
3742
3742
3742
3742
3742
3742
3742
3742
3742
3742
3744
3747
3747
3747
3747
3747
3747
3747
3747
3747
3757
3757
3757
3757
3757
3757
3757
3757
3757
3759
3765
3765
3765
3765
3765
3767
3767
3767
3767
3767
3767
3767
3767
3767
3767
3771
3771
3771
3771
3771
3771
3771
3771
3771
3771
3772
3776
3776
3776
3776
3776
3776
3776
3776
3776
3776
3781
3781
3781
3781
3781
3781
3781
3781
3781
3781
3790
3790
3790
3790
3790
3790
3790
3790
3790
3790
3791
3791
3791
3791
3791
3791
3791
3791
3791
3791
3796
3796
3796
3796
3796
3796
3796
3796
3797
3797
3797
3797
3797
3797
3797
3797
3797
3797
3798
3798
3798
3798
3798
3798
3798
3798
3798
3798
3801
3801
3801
3801
3801
3801
3801
3801
3801
3802
3805
3805
3805
3805
3805
3805
3805
3805
3805
3805
3810
3810
3810
3810
3810
3810
3810
3810
3810
3813
3813
3813
3813
3813
3813
3813
3813
3813
3813
3815
3815
3815
3815
3815
3815
3815
3815
3815
3815
3817
3818
3818
3818
3818
3818
3818
3818
3818
3818
3818
3819
3819
3819
3819
3819
3819
3819
3819
3819
3819
3820
3820
3820
3820
3820
3820
3820
3820
3820
3820
3822
3822
3822
3822
3822
3822
3822
3822
3822
3823
3823
3823
3823
3823
3823
3823
3823
3823
3823
3824
3831
3831
3831
3831
3831
3831
3831
3831
3831
3831
3833
3833
3833
3833
3833
3833
3833
3833
3833
3833
3838
3838
3838
3838
3838
3838
3838
3838
3838
3838
3839
3843
3843
3843
3843
3843
3843
3843
3843
3843
3843
3844
3844
3844
3844
3844
3844
3844
3844
3844
3844
3846
3846
3846
3846
3846
3846
3846
3846
3846
3846
3848
3849
3849
3849
3849
3849
3849
3849
3849
3849
3849
3850
3850
3850
3850
3850
3851
3856
3856
3856
3856
3856
3856
3856
3856
3856
3856
3858
3858
3858
3858
3858
3858
3858
3858
3859
3859
3859
3859
3859
3859
3859
3859
3859
3859
3863
3863
3863
3863
3863
3863
3863
3863
3863
3863
3865
3865
3865
3865
3865
3865
3865
3865
3865
3865
3866
3866
3866
3866
3866
3866
3866
3866
3866
3866
3867
3867
3867
3867
3867
3867
3867
3867
3867
3867
3877
3881
3881
3881
3881
3881
3881
3881
3881
3881
3881
3883
3883
3883
3883
3883
3883
3883
3883
3883
3883
3885
3885
3885
3885
3885
3886
3886
3886
3886
3886
3886
3886
3886
3886
3886
3887
3887
3887
3887
3887
3887
3887
3887
3887
3887
3890
3890
3890
3890
3890
3890
3890
3890
3890
3890
3893
3893
3893
3893
3893
3893
3893
3893
3893
3897
3897
3897
3897
3897
3900
3900
3900
3900
3900
3900
3900
3900
3900
3900
3903
3903
3903
3903
3903
3903
3903
3903
3903
3903
3904
3904
3904
3904
3904
3904
3904
3904
3904
3904
3910
3910
3910
3910
3910
3910
3910
3910
3910
3910
3912
3912
3912
3912
3912
3912
3912
3912
3912
3912
3913
3913
3913
3913
3913
3913
3913
3913
3913
3919
3919
3919
3919
3919
3919
3919
3919
3919
3919
3920
3920
3920
3920
3920
3920
3920
3920
3920
3920
3921
3921
3921
3921
3921
3921
3921
3921
3921
3921
3922
3922
3922
3922
3926
3926
3926
3926
3926
3926
3926
3926
3926
3926
3929
3929
3929
3929
3929
3929
3929
3929
3929
3929
3930
3930
3930
3930
3930
3930
3930
3930
3930
3930
3931
3931
3931
3931
3933
3933
3933
3933
3933
3933
3933
3933
3933
3933
3934
3934
3934
3934
3934
3934
3934
3934
3934
3934
3937
3937
3937
3937
3937
3937
3937
3937
3937
3937
3943
3943
3943
3943
3943
3943
3943
3943
3943
3943
3945
3945
3945
3945
3945
3945
3945
3945
3946
3946
3946
3946
3946
3946
3946
3946
3946
3948
3948
3948
3948
3948
3948
3948
3948
3948
3948
3952
3956
3956
3956
3956
3956
3962
3962
3962
3962
3962
3962
3962
3962
3962
3962
3963
3963
3963
3963
3963
3963
3963
3963
3963
3966
3966
3966
3966
3966
3966
3966
3966
3966
3966
3967
3967
3967
3967
3967
3967
3967
3967
3967
3967
3975
3976
3976
3976
3976
3976
3976
3976
3976
3976
3979
3979
3979
3979
3979
3979
3979
3979
3979
3981
3981
3981
3981
3981
3981
3981
3981
3981
3981
3982
3982
3982
3982
3982
3982
3982
3982
3982
3985
3985
3985
3985
3985
3985
3985
3985
3985
3985
3986
3986
3986
3986
3986
3986
3986
3986
3986
3986
3988
3988
3988
3988
3988
3988
3988
3988
3988
3989
3989
3989
3989
3989
3991
3991
3991
3991
3991
3991
3991
3991
3991
3991
3997
3997
3997
3997
3997
3997
3997
3997
3997
3997
3998
3998
3998
3998
3998
3998
3998
3998
3998
3998
4000
4000
4000
4000
4000
4002
4002
4002
4002
4002
4002
4002
4002
4002
4002
4003
4003
4003
4003
4003
4003
4003
4003
4003
4003
4004
4004
4004
4004
4004
4004
4004
4004
4004
4004
4005
4005
4005
4005
4005
4005
4005
4005
4005
4005
4008
4008
4008
4008
4008
4008
4008
4008
4008
4008
4010
4010
4010
4010
4010
4010
4010
4010
4010
4012
4012
4012
4012
4012
4012
4012
4012
4012
4012
4016
4016
4016
4016
4016
4016
4016
4016
4016
4016
4021
4021
4021
4021
4021
4021
4021
4021
4021
4021
4026
4026
4026
4032
4032
4032
4032
4032
4032
4032
4032
4032
4032
4033
4033
4033
4033
4033
4033
4033
4033
4033
4033
4036
4036
4036
4036
4036
4036
4036
4036
4036
4038
4041
4041
4041
4041
4041
4041
4041
4041
4041
4041
4043
4043
4043
4043
4043
4043
4043
4043
4043
4043
4051
4051
4051
4051
4051
4051
4051
4051
4051
4051
4057
4057
4057
4057
4057
4057
4057
4057
4057
4058
4058
4058
4058
4058
4058
4059
4060
4060
4060
4060
4060
4060
4060
4060
4060
4060
4062
4062
4062
4062
4062
4062
4062
4062
4062
4068
4068
4068
4068
4068
4068
4068
4068
4068
4068
4070
4070
4070
4070
4070
4070
4070
4070
4070
4070
4072
4073
4073
4073
4073
4073
4073
4073
4073
4073
4073
4076
4076
4076
4076
4076
4076
4076
4076
4076
4076
4078
4078
4078
4078
4078
4078
4078
4078
4078
4078
4081
4081
4081
4081
4081
4081
4081
4081
4081
4083
4093
4093
4093
4093
4093
4093
4093
4093
4093
4093
4095
4095
4095
4095
4095
4095
4095
4095
4095
4095
4096
4098
4098
4098
4098
4098
4102
4102
4103
4103
4103
4103
4103
4103
4103
4103
4103
4103
4106
4106
4106
4106
4106
4107
4107
4107
4107
4107
4107
4107
4107
4107
4107
4109
4109
4109
4109
4109
4109
4109
4109
4109
4109
4111
4111
4111
4111
4111
4111
4111
4111
4111
4111
4112
4112
4112
4112
4112
4112
4112
4112
4112
4113
4113
4113
4113
4113
4113
4113
4113
4113
4113
4114
4114
4114
4114
4114
4114
4114
4114
4114
4114
4117
4121
4121
4121
4121
4121
4121
4121
4121
4121
4121
4122
4122
4122
4122
4122
4122
4122
4122
4122
4122
4124
4124
4124
4124
4124
4124
4124
4124
4124
4124
4137
4137
4137
4137
4137
4137
4137
4137
4137
4137
4139
4139
4139
4139
4139
4139
4139
4139
4139
4139
4140
4140
4140
4140
4140
4140
4140
4140
4140
4140
4143
4143
4143
4143
4143
4144
4144
4144
4144
4144
4144
4144
4144
4144
4144
4146
4146
4146
4146
4146
4146
4146
4146
4146
4149
4151
4152
4152
4152
4152
4152
4152
4152
4152
4152
4152
4154
4154
4154
4154
4154
4154
4154
4154
4154
4154
4157
4158
4158
4158
4158
4158
4158
4158
4158
4158
4158
4159
4159
4159
4159
4159
4159
4159
4159
4159
4159
4160
4160
4160
4160
4160
4160
4160
4160
4160
4160
4164
4164
4164
4164
4164
4164
4164
4164
4164
4164
4167
4167
4167
4167
4167
4167
4167
4167
4167
4167
4174
4174
4174
4174
4174
4174
4174
4174
4174
4174
4175
4176
4176
4176
4176
4176
4176
4176
4176
4176
4179
4179
4179
4179
4179
4179
4179
4179
4179
4179
4180
4180
4180
4180
4180
4180
4180
4180
4180
4180
4183
4183
4183
4183
4183
4183
4183
4183
4183
4183
4187
4187
4187
4187
4187
4187
4187
4187
4187
4187
4189
4189
4189
4189
4189
4189
4189
4189
4189
4189
4191
4191
4191
4191
4191
4191
4191
4191
4191
4191
4193
4193
4193
4193
4193
4193
4193
4193
4193
4193
4194
4194
4194
4194
4194
4196
4196
4196
4196
4196
4196
4196
4196
4196
4196
4197
4197
4197
4197
4197
4197
4197
4197
4197
4197
4198
4198
4198
4198
4198
4198
4198
4198
4198
4200
4200
4200
4200
4200
4200
4200
4200
4203
4203
4203
4203
4203
4203
4203
4204
4204
4204
4204
4204
4204
4204
4204
4204
4205
4206
4206
4206
4206
4206
4206
4206
4206
4206
4206
4207
4207
4207
4207
4207
4208
4208
4208
4208
4208
4208
4208
4208
4208
4208
4211
4211
4211
4211
4211
4211
4211
4211
4211
4211
4213
4213
4213
4213
4213
4213
4213
4213
4213
4213
4215
4215
4215
4215
4215
4215
4215
4215
4215
4216
4216
4216
4216
4216
4216
4216
4216
4216
4216
4217
4217
4217
4217
4217
4217
4217
4217
4217
4217
4220
4220
4220
4220
4220
4220
4220
4220
4220
4220
4222
4222
4222
4222
4222
4222
4222
4222
4222
4222
4227
4227
4227
4227
4227
4227
4227
4227
4227
4227
4228
4228
4228
4228
4228
4228
4228
4228
4228
4228
4230
4230
4230
4230
4230
4230
4230
4230
4230
4230
4232
4232
4232
4232
4232
4234
4234
4234
4234
4234
4234
4234
4234
4235
4235
4235
4235
4235
4235
4235
4235
4235
4235
4236
4236
4236
4236
4236
4239
4242
4242
4242
4242
4242
4242
4242
4242
4242
4242
4244
4244
4244
4244
4244
4244
4244
4244
4244
4244
4245
4245
4245
4245
4245
4245
4245
4245
4245
4245
4246
4246
4246
4246
4246
4246
4246
4246
4246
4246
4252
4252
4252
4252
4252
4252
4252
4252
4252
4253
4255
4255
4255
4255
4255
4255
4255
4255
4255
4255
4256
4257
4257
4257
4257
4257
4257
4257
4257
4257
4257
4260
4260
4260
4260
4260
4260
4260
4260
4260
4260
4263
4263
4263
4263
4263
4263
4263
4263
4263
4263
4264
4269
4274
4274
4274
4274
4274
4274
4274
4274
4274
4274
4275
4275
4275
4275
4275
4275
4275
4275
4275
4275
4276
4276
4276
4276
4276
4276
4276
4276
4276
4276
4277
4277
4277
4277
4277
4277
4277
4277
4277
4279
4279
4279
4279
4279
4279
4279
4279
4279
4279
4280
4280
4280
4280
4280
4280
4280
4280
4280
4280
4282
4282
4282
4282
4282
4282
4282
4282
4282
4282
4285
4285
4285
4285
4285
4285
4285
4285
4285
4285
4285
4285
4285
4285
4285
4285
4285
4291
4292
4292
4292
4292
4292
4292
4292
4292
4292
4292
4293
4293
4293
4293
4293
4293
4293
4293
4293
4293
4295
4295
4295
4295
4295
4295
4295
4295
4295
4295
4297
4297
4297
4297
4297
4297
4297
4297
4297
4298
4298
4298
4298
4298
4298
4298
4298
4298
4300
4300
4300
4300
4300
4300
4300
4300
4300
4301
4301
4301
4301
4301
4303
4303
4303
4303
4303
4303
4303
4303
4303
4303
4304
4306
4306
4306
4306
4306
4306
4306
4306
4306
4308
4308
4308
4308
4308
4308
4308
4308
4308
4308
4312
4312
4312
4312
4312
4312
4312
4312
4312
4312
4317
4319
4319
4319
4319
4319
4319
4319
4319
4319
4319
4324
4324
4324
4324
4324
4324
4324
4324
4324
4324
4330
4330
4330
4330
4330
4330
4330
4330
4330
4330
4332
4332
4332
4332
4332
4332
4332
4332
4332
4332
4334
4334
4334
4334
4334
4334
4334
4334
4334
4334
4336
4337
4337
4337
4337
4337
4338
4338
4338
4338
4338
4338
4338
4338
4338
4338
4340
4340
4340
4340
4340
4340
4340
4340
4340
4340
4343
4343
4343
4343
4343
4343
4343
4343
4343
4344
4344
4344
4344
4344
4344
4344
4344
4344
4344
4353
4353
4353
4353
4353
4353
4353
4353
4353
4353
4355
4355
4355
4355
4355
4355
4355
4355
4355
4355
4356
4356
4356
4356
4356
4358
4358
4358
4358
4358
4358
4358
4358
4358
4359
4359
4359
4359
4359
4359
4359
4359
4359
4359
4360
4360
4360
4360
4360
4360
4360
4360
4360
4362
4362
4362
4362
4362
4362
4362
4362
4362
4362
4369
4369
4369
4369
4369
4369
4369
4369
4369
4369
4378
4378
4378
4378
4378
4378
4378
4378
4378
4378
4381
4381
4381
4381
4381
4381
4381
4381
4381
4382
4382
4382
4382
4382
4382
4382
4382
4382
4382
4388
4388
4388
4388
4388
4388
4388
4388
4388
4388
4389
4389
4389
4389
4389
4389
4390
4390
4390
4390
4390
4390
4390
4390
4390
4390
4391
4399
4399
4399
4399
4399
4399
4399
4399
4399
4399
4400
4400
4400
4400
4400
4400
4400
4400
4400
4400
4402
4402
4402
4402
4403
4403
4403
4403
4403
4403
4403
4403
4403
4405
4405
4405
4405
4405
4405
4405
4405
4405
4405
4407
4407
4407
4407
4407
4407
4407
4407
4407
4416
4416
4416
4416
4416
4416
4416
4416
4416
4416
4417
4417
4417
4417
4417
4417
4417
4417
4417
4417
4419
4419
4419
4419
4419
4419
4419
4419
4419
4419
4420
4420
4420
4420
4420
4420
4420
4420
4420
4421
4421
4421
4421
4421
4421
4421
4421
4421
4421
4423
4423
4423
4423
4423
4423
4423
4423
4423
4423
4424
4424
4424
4424
4424
4424
4424
4424
4424
4424
4428
4428
4428
4428
4428
4428
4428
4428
4428
4428
4431
4431
4431
4431
4431
4432
4432
4432
4432
4432
4432
4432
4432
4432
4432
4433
4433
4433
4433
4433
4434
4434
4434
4434
4434
4434
4434
4434
4434
4434
4438
4438
4438
4438
4438
4438
4438
4438
4438
4438
4441
4441
4441
4441
4441
4441
4441
4441
4441
4442
4442
4442
4442
4442
4442
4442
4442
4442
4443
4443
4443
4443
4443
4443
4443
4443
4443
4443
4444
4444
4444
4444
4444
4444
4444
4444
4444
4444
4445
4445
4445
4445
4445
4445
4445
4445
4445
4445
4446
4447
4447
4447
4447
4447
4447
4447
4447
4447
4447
4449
4449
4449
4449
4449
4449
4449
4449
4449
4449
4452
4452
4452
4452
4452
4452
4452
4452
4452
4452
4456
4456
4456
4456
4456
4456
4456
4456
4456
4458
4458
4458
4458
4458
4458
4458
4458
4458
4458
4459
4459
4459
4459
4459
4459
4459
4459
4459
4459
4463
4463
4463
4463
4463
4463
4463
4463
4465
4465
4465
4465
4465
4465
4465
4465
4465
4467
4467
4467
4467
4467
4469
4469
4469
4469
4469
4469
4469
4469
4469
4469
4470
4470
4470
4470
4470
4470
4470
4470
4470
4470
4472
4472
4472
4472
4472
4472
4472
4472
4472
4472
4478
4478
4478
4478
4478
4478
4478
4478
4478
4478
4479
4479
4479
4479
4479
4479
4479
4479
4479
4479
4482
4482
4482
4482
4482
4482
4482
4482
4482
4482
4487
4487
4487
4487
4487
4487
4487
4487
4487
4487
4489
4489
4490
4490
4490
4490
4490
4490
4490
4490
4490
4490
4492
4492
4492
4492
4492
4492
4492
4492
4492
4492
4500
4500
4500
4500
4500
4500
4500
4500
4500
4500
4502
4502
4502
4502
4502
4502
4502
4502
4502
4502
4505
4506
4508
4508
4508
4508
4508
4508
4508
4508
4508
4508
4510
4510
4510
4510
4510
4510
4510
4510
4510
4513
4513
4513
4513
4513
4513
4513
4513
4513
4513
4516
4516
4516
4516
4516
4516
4516
4516
4516
4532
4532
4532
4532
4532
4532
4532
4532
4532
4533
4533
4533
4533
4533
4533
4533
4533
4533
4533
4536
4536
4536
4536
4536
4536
4536
4536
4536
4539
4539
4539
4539
4539
4539
4539
4539
4539
4539
4541
4541
4541
4541
4541
4541
4541
4541
4541
4541
4551
4551
4551
4551
4551
4551
4551
4551
4551
4551
4552
4553
4553
4553
4553
4553
4553
4553
4553
4553
4553
4557
4557
4557
4557
4557
4557
4557
4557
4557
4557
4566
4566
4566
4566
4566
4566
4566
4566
4566
4566
4567
4567
4567
4567
4567
4567
4567
4567
4567
4567
4568
4568
4568
4568
4568
4568
4568
4568
4569
4569
4569
4569
4569
4569
4569
4569
4569
4569
4572
4574
4574
4574
4574
4574
4574
4574
4574
4574
4574
4577
4577
4577
4577
4577
4577
4577
4577
4577
4583
4583
4583
4583
4583
4583
4583
4583
4583
4583
4585
4585
4585
4585
4585
4585
4585
4585
4585
4585
4587
4587
4587
4587
4587
4587
4587
4587
4587
4587
4592
4593
4593
4593
4593
4593
4593
4593
4593
4593
4593
4596
4596
4596
4596
4596
4596
4596
4596
4596
4596
4598
4598
4598
4598
4598
4598
4598
4598
4598
4603
4606
4606
4606
4606
4606
4606
4606
4606
4606
4606
4617
4617
4617
4617
4617
4617
4617
4617
4617
4617
4619
4619
4619
4619
4619
4619
4619
4619
4619
4619
4620
4628
4628
4628
4628
4628
4628
4628
4628
4628
4628
4629
4629
4629
4629
4629
4629
4629
4629
4629
4631
4631
4631
4631
4631
4631
4631
4631
4631
4631
4633
4633
4633
4633
4633
4633
4633
4633
4633
4633
4635
4635
4635
4635
4635
4635
4635
4635
4635
4636
4636
4636
4636
4636
4636
4636
4636
4636
4636
4638
4638
4638
4638
4638
4638
4638
4638
4638
4639
4639
4639
4639
4639
4643
4643
4643
4643
4643
4643
4643
4643
4643
4650
4650
4650
4650
4650
4650
4650
4650
4650
4654
4654
4654
4654
4654
4654
4654
4654
4654
4654
4654
4654
4658
4662
4662
4662
4662
4662
4662
4662
4662
4662
4662
4664
4664
4664
4664
4665
4665
4665
4665
4665
4665
4665
4665
4665
4665
4666
4666
4666
4666
4666
4666
4666
4666
4666
4666
4667
4667
4667
4667
4667
4667
4667
4667
4667
4669
4669
4669
4669
4669
4669
4669
4669
4669
4669
4674
4676
4676
4676
4676
4680
4680
4680
4680
4680
4684
4684
4684
4684
4684
4684
4684
4684
4686
4686
4686
4686
4686
4686
4686
4686
4686
4686
4689
4689
4689
4689
4689
4689
4689
4689
4689
4689
4692
4692
4692
4692
4692
4693
4693
4693
4693
4693
4693
4693
4693
4693
4693
4694
4694
4694
4694
4694
4694
4694
4694
4694
4695
4695
4695
4695
4695
4695
4695
4695
4695
4695
4705
4705
4705
4705
4705
4705
4705
4705
4705
4705
4720
4720
4720
4720
4720
4720
4720
4720
4720
4720
4721
4721
4721
4721
4721
4721
4721
4721
4721
4721
4723
4723
4723
4723
4723
4723
4723
4723
4723
4723
4724
4724
4724
4724
4724
4724
4724
4724
4724
4725
4725
4725
4725
4725
4726
4726
4726
4726
4726
4726
4726
4726
4726
4728
4728
4728
4728
4728
4728
4728
4728
4728
4728
4729
4730
4730
4730
4730
4730
4730
4730
4730
4730
4730
4731
4731
4731
4731
4732
4732
4732
4732
4732
4732
4732
4732
4732
4732
4733
4733
4733
4733
4733
4733
4733
4733
4733
4733
4734
4735
4735
4735
4735
4735
4735
4738
4738
4738
4738
4738
4738
4738
4738
4738
4738
4739
4739
4739
4739
4739
4739
4739
4739
4739
4740
4740
4740
4740
4740
4740
4740
4740
4740
4740
4741
4741
4741
4741
4741
4741
4741
4741
4741
4741
4745
4745
4745
4745
4745
4745
4745
4745
4745
4745
4746
4746
4746
4746
4746
4746
4746
4746
4746
4746
4748
4748
4748
4748
4748
4748
4748
4748
4748
4748
4751
4751
4751
4751
4751
4751
4751
4751
4751
4751
4752
4752
4752
4752
4752
4752
4752
4752
4752
4752
4754
4754
4754
4754
4754
4754
4754
4754
4754
4754
4755
4755
4755
4755
4755
4755
4755
4755
4755
4755
4758
4758
4758
4758
4758
4758
4758
4758
4758
4761
4761
4761
4761
4761
4762
4766
4766
4766
4766
4766
4766
4766
4766
4766
4766
4768
4768
4769
4769
4769
4769
4769
4769
4769
4769
4769
4769
4771
4771
4771
4771
4771
4778
4778
4778
4778
4778
4778
4778
4778
4778
4778
4781
4781
4781
4781
4781
4781
4781
4781
4781
4781
4782
4782
4782
4782
4782
4782
4782
4782
4782
4782
4783
4783
4783
4783
4783
4783
4783
4783
4783
4783
4784
4784
4784
4784
4784
4784
4784
4784
4784
4784
4788
4788
4788
4788
4788
4788
4788
4788
4788
4788
4790
4790
4790
4790
4790
4790
4790
4790
4790
4790
4792
4792
4792
4792
4792
4792
4792
4792
4792
4792
4793
4793
4793
4793
4793
4793
4793
4793
4793
4798
4798
4798
4798
4798
4798
4798
4798
4798
4798
4799
4799
4799
4799
4799
4799
4799
4799
4800
4800
4800
4800
4800
4800
4800
4800
4800
4800
4803
4803
4803
4803
4803
4803
4803
4803
4803
4803
4805
4805
4805
4805
4805
4805
4805
4805
4805
4806
4810
4810
4810
4810
4810
4810
4810
4810
4810
4810
4811
4813
4813
4813
4813
4813
4813
4813
4813
4815
4815
4815
4815
4815
4815
4815
4815
4815
4822
4822
4822
4822
4822
4822
4822
4822
4822
4822
4825
4825
4825
4825
4825
4825
4825
4825
4825
4825
4826
4826
4826
4826
4826
4826
4826
4826
4826
4826
4833
4833
4833
4833
4833
4833
4833
4833
4833
4833
4837
4839
4839
4839
4839
4839
4839
4839
4839
4839
4839
4842
4846
4846
4846
4846
4846
4846
4846
4846
4846
4847
4847
4847
4847
4847
4847
4847
4847
4847
4847
4852
4852
4852
4852
4852
4852
4852
4852
4852
4852
4856
4856
4856
4856
4857
4857
4857
4857
4857
4857
4857
4857
4857
4864
4864
4864
4864
4864
4864
4864
4864
4864
4864
4867
4867
4867
4867
4867
4867
4867
4867
4867
4874
4874
4874
4874
4874
4874
4874
4874
4874
4875
4875
4875
4875
4875
4875
4875
4875
4875
4875
4880
4880
4880
4880
4880
4880
4880
4880
4880
4881
4890
4890
4890
4890
4890
4890
4890
4890
4890
4890
4891
4891
4891
4891
4891
4891
4891
4891
4891
4891
4892
4892
4892
4892
4892
4892
4892
4892
4892
4896
4896
4896
4896
4896
4896
4896
4896
4896
4896
4900
4900
4900
4900
4900
4900
4900
4900
4900
4900
4902
4902
4902
4902
4902
4902
4902
4902
4902
4902
4903
4903
4903
4903
4903
4903
4903
4903
4903
4908
4908
4908
4908
4908
4914
4914
4914
4914
4914
4914
4914
4914
4914
4914
4918
4921
4921
4921
4921
4921
4923
4932
4932
4932
4932
4932
4932
4932
4932
4932
4932
4935
4935
4935
4935
4935
4935
4935
4935
4935
4935
4937
4937
4937
4937
4937
4937
4937
4937
4937
4937
4940
4940
4940
4940
4940
4940
4940
4940
4940
4940
4944
4944
4944
4944
4944
4944
4944
4944
4944
4944
4948
4949
4949
4949
4949
4949
4949
4949
4949
4949
4951
4951
4951
4951
4951
4951
4951
4951
4951
4951
4967
4967
4967
4967
4967
4967
4967
4967
4967
4973
4973
4973
4973
4973
4973
4973
4973
4973
4973
4986
4986
4986
4986
4986
4986
4986
4986
4986
4986
4988
4988
4988
4988
4988
4988
4988
4988
4988
4995
4995
4995
4995
4995
4995
4995
4995
4995
4999
4999
4999
4999
5003
5003
5003
5003
5003
5003
5003
5003
5003
5003
5007
5007
5007
5007
5007
5007
5007
5007
5007
5007
5008
5008
5008
5008
5008
5008
5008
5008
5008
5008
5012
5012
5012
5012
5012
5012
5012
5012
5012
5014
5014
5014
5014
5014
5014
5014
5014
5014
5014
5016
5016
5016
5016
5016
5016
5016
5016
5016
5016
5021
5024
5026
5026
5026
5026
5026
5026
5026
5026
5026
5026
5028
5028
5028
5028
5028
5028
5028
5028
5028
5029
5029
5029
5029
5029
5029
5029
5029
5029
5029
5030
5030
5030
5030
5030
5030
5030
5030
5030
5030
5034
5035
5035
5035
5035
5035
5035
5035
5035
5035
5035
5037
5037
5040
5040
5040
5040
5040
5040
5040
5040
5040
5040
5042
5043
5044
5044
5044
5044
5044
5044
5044
5044
5044
5044
5045
5045
5045
5045
5045
5045
5045
5045
5045
5045
5048
5052
5052
5052
5052
5052
5052
5052
5052
5052
5052
5053
5053
5053
5053
5053
5053
5053
5053
5053
5058
5058
5058
5058
5058
5058
5058
5058
5058
5058
5060
5063
5063
5063
5063
5063
5063
5063
5063
5063
5063
5065
5065
5065
5065
5065
5065
5065
5065
5065
5065
5066
5066
5066
5066
5066
5066
5066
5066
5066
5066
5067
5067
5067
5067
5067
5067
5067
5067
5067
5067
5069
5073
5073
5073
5073
5073
5073
5073
5073
5073
5073
5074
5074
5074
5074
5074
5074
5074
5074
5074
5075
5075
5075
5075
5075
5075
5075
5075
5075
5075
5077
5077
5077
5077
5077
5078
5078
5078
5078
5078
5078
5078
5078
5078
5078
5082
5082
5082
5082
5082
5082
5082
5082
5082
5082
5083
5083
5083
5083
5083
5083
5083
5083
5083
5083
5089
5090
5090
5090
5090
5090
5090
5090
5090
5090
5090
5093
5096
5096
5096
5096
5096
5096
5096
5096
5096
5096
5102
5102
5102
5102
5102
5102
5102
5102
5102
5102
5104
5104
5104
5104
5104
5104
5104
5104
5104
5104
5106
5106
5106
5106
5106
5106
5106
5106
5106
5106
5110
5110
5110
5110
5110
5110
5110
5110
5110
5110
5113
5113
5113
5113
5113
5113
5113
5113
5113
5113
5120
5129
5129
5129
5129
5129
5129
5129
5129
5129
5129
5131
5131
5131
5131
5131
5131
5131
5131
5131
5131
5135
5135
5135
5135
5135
5135
5135
5135
5135
5135
5137
5137
5137
5137
5137
5137
5137
5137
5137
5137
5138
5147
5147
5147
5147
5147
5147
5147
5147
5147
5147
5149
5149
5149
5149
5149
5151
5151
5151
5151
5151
5151
5151
5151
5151
5152
5152
5152
5152
5152
5152
5152
5152
5152
5152
5154
5154
5154
5154
5154
5154
5154
5154
5154
5154
5156
5158
5160
5160
5160
5160
5160
5160
5160
5160
5160
5160
5163
5163
5163
5163
5163
5163
5163
5163
5163
5163
5165
5167
5167
5167
5167
5167
5167
5167
5167
5167
5167
5168
5168
5168
5168
5168
5168
5168
5168
5168
5168
5171
5171
5171
5171
5171
5171
5171
5171
5171
5171
5175
5175
5175
5175
5175
5175
5175
5175
5175
5175
5177
5177
5177
5177
5177
5177
5177
5177
5177
5177
5183
5183
5183
5183
5183
5183
5183
5183
5183
5183
5187
5187
5187
5187
5187
5187
5187
5187
5187
5187
5190
5191
5191
5191
5191
5191
5191
5191
5191
5191
5195
5195
5195
5195
5195
5195
5195
5195
5195
5195
5196
5196
5196
5196
5196
5196
5196
5196
5196
5196
5197
5197
5197
5197
5197
5197
5197
5197
5197
5197
5200
5200
5200
5200
5200
5200
5200
5200
5200
5200
5201
5201
5201
5201
5201
5201
5201
5201
5201
5201
5202
5202
5202
5202
5202
5202
5202
5202
5202
5202
5202
5202
5202
5202
5202
5202
5202
5202
5202
5202
5202
5202
5202
5202
5202
5202
5202
5202
5202
5202
5202
5202
5202
5202
5202
5202
5202
5202
5202
5202
5202
5202
5202
5202
5202
5202
5206
5206
5206
5206
5206
5206
5206
5206
5206
5206
5207
5207
5207
5207
5207
5207
5207
5207
5207
5207
5211
5211
5211
5211
5211
5211
5211
5211
5211
5211
5213
5213
5213
5213
5213
5213
5213
5213
5214
5214
5214
5214
5214
5214
5214
5214
5214
5220
5220
5220
5220
5220
5220
5220
5220
5220
5220
5221
5221
5221
5221
5221
5221
5221
5221
5221
5221
5222
5224
5224
5224
5224
5224
5224
5224
5224
5224
5226
5226
5226
5226
5226
5226
5226
5226
5226
5226
5227
5227
5227
5227
5227
5227
5227
5227
5227
5227
5228
5236
5236
5236
5236
5236
5236
5236
5236
5236
5236
5238
5238
5238
5238
5238
5238
5238
5238
5238
5238
5241
5241
5241
5241
5241
5241
5241
5241
5241
5241
5245
5245
5245
5245
5245
5245
5245
5245
5245
5250
5251
5251
5251
5251
5251
5251
5251
5251
5251
5251
5253
5253
5253
5253
5253
5253
5253
5253
5253
5254
5254
5254
5254
5254
5254
5254
5254
5254
5254
5255
5255
5255
5255
5255
5255
5255
5255
5255
5255
5257
5257
5257
5257
5257
5259
5263
5263
5263
5263
5263
5263
5263
5263
5263
5267
5267
5267
5267
5267
5267
5267
5267
5267
5267
5270
5270
5270
5270
5270
5272
5272
5272
5272
5272
5272
5272
5272
5272
5273
5273
5273
5273
5273
5276
5276
5276
5276
5276
5276
5276
5276
5276
5276
5277
5277
5277
5277
5277
5279
5279
5279
5279
5279
5281
5281
5281
5281
5281
5281
5281
5281
5281
5281
5285
5285
5285
5285
5285
5285
5285
5285
5285
5285
5290
5291
5291
5291
5291
5291
5291
5291
5291
5291
5291
5292
5292
5292
5292
5292
5294
5294
5294
5294
5294
5294
5294
5294
5294
5294
5296
5296
5296
5296
5296
5296
5296
5296
5296
5296
5304
5304
5304
5304
5304
5304
5304
5304
5304
5304
5306
5306
5306
5306
5306
5306
5306
5306
5306
5312
5315
5315
5315
5315
5315
5315
5315
5315
5315
5315
5318
5318
5318
5318
5318
5318
5318
5318
5318
5318
5321
5321
5321
5321
5321
5321
5321
5321
5321
5321
5326
5326
5326
5326
5326
5326
5326
5326
5326
5326
5332
5332
5332
5332
5332
5338
5338
5338
5338
5338
5338
5338
5338
5338
5338
5339
5339
5339
5339
5339
5339
5339
5339
5339
5339
5343
5343
5343
5343
5343
5343
5343
5343
5343
5343
5347
5347
5347
5347
5347
5347
5347
5347
5347
5347
5347
5347
5347
5347
5347
5347
5347
5352
5352
5352
5352
5352
5352
5352
5352
5352
5352
5356
5356
5356
5356
5356
5357
5357
5357
5359
5359
5359
5359
5359
5359
5359
5359
5359
5359
5361
5361
5361
5361
5361
5361
5361
5361
5361
5361
5366
5366
5366
5366
5366
5366
5366
5366
5366
5372
5373
5373
5373
5373
5373
5373
5373
5373
5373
5373
5378
5378
5378
5378
5378
5378
5378
5378
5378
5379
5380
5385
5385
5385
5385
5385
5385
5385
5385
5385
5385
5386
5386
5386
5386
5386
5386
5386
5386
5386
5389
5404
5404
5404
5404
5404
5404
5404
5404
5404
5406
5406
5406
5406
5406
5406
5406
5406
5406
5406
5410
5410
5410
5410
5410
5410
5410
5410
5410
5410
5413
5413
5413
5413
5413
5413
5413
5413
5413
5413
5414
5417
5417
5417
5417
5417
5417
5417
5417
5417
5417
5418
5418
5418
5418
5418
5418
5418
5418
5418
5418
5421
5423
5423
5423
5423
5423
5423
5423
5423
5423
5423
5425
5425
5425
5425
5425
5425
5425
5425
5425
5425
5429
5429
5429
5429
5429
5429
5429
5429
5429
5429
5432
5432
5432
5432
5432
5432
5432
5432
5432
5432
5436
5440
5440
5440
5440
5440
5440
5440
5440
5440
5440
5443
5443
5443
5443
5443
5443
5443
5443
5443
5452
5452
5452
5452
5452
5452
5452
5452
5452
5452
5457
5457
5457
5457
5457
5457
5457
5457
5457
5458
5459
5459
5459
5459
5459
5459
5459
5459
5459
5464
5464
5464
5464
5464
5464
5464
5464
5464
5464
5472
5472
5472
5472
5472
5472
5472
5472
5472
5472
5478
5478
5478
5478
5478
5478
5478
5478
5478
5478
5479
5479
5479
5486
5486
5486
5486
5486
5486
5486
5486
5486
5486
5487
5492
5492
5492
5492
5492
5492
5492
5492
5492
5492
5495
5495
5495
5495
5495
5495
5495
5495
5495
5495
5497
5497
5497
5497
5497
5497
5497
5497
5497
5497
5498
5498
5498
5498
5498
5498
5498
5498
5498
5499
5499
5499
5499
5499
5500
5504
5504
5504
5504
5504
5504
5504
5504
5504
5504
5505
5508
5508
5508
5508
5508
5508
5508
5508
5509
5509
5509
5509
5509
5509
5509
5509
5509
5510
5510
5510
5510
5510
5510
5510
5510
5510
5510
5515
5515
5515
5515
5515
5515
5515
5515
5515
5515
5523
5528
5528
5528
5528
5528
5528
5528
5528
5528
5529
5529
5529
5529
5529
5529
5529
5529
5529
5529
5531
5531
5531
5531
5531
5531
5531
5531
5531
5531
5532
5532
5532
5532
5532
5532
5532
5532
5532
5535
5535
5535
5535
5535
5535
5535
5535
5535
5535
5537
5537
5537
5537
5537
5537
5537
5537
5537
5537
5538
5538
5538
5538
5538
5538
5538
5538
5538
5538
5539
5542
5542
5542
5542
5542
5542
5542
5542
5542
5542
5543
5543
5543
5543
5543
5543
5543
5543
5543
5543
5545
5545
5545
5545
5545
5545
5545
5545
5545
5545
5545
5545
5545
5545
5545
5545
5545
5548
5548
5548
5548
5548
5552
5552
5552
5552
5552
5552
5552
5552
5552
5552
5565
5565
5565
5565
5565
5565
5565
5565
5565
5565
5568
5568
5568
5568
5568
5572
5572
5572
5572
5572
5572
5572
5572
5572
5572
5578
5578
5578
5578
5578
5580
5585
5585
5585
5585
5585
5585
5585
5585
5585
5585
5587
5589
5589
5589
5589
5589
5589
5589
5589
5589
5590
5590
5590
5590
5590
5597
5597
5597
5597
5597
5600
5602
5602
5603
5603
5603
5603
5603
5603
5603
5603
5603
5603
5608
5608
5608
5608
5608
5608
5608
5608
5608
5608
5613
5613
5613
5613
5613
5613
5613
5613
5613
5613
5614
5615
5615
5615
5615
5615
5615
5615
5615
5615
5615
5616
5616
5616
5616
5616
5616
5616
5616
5616
5618
5618
5618
5618
5618
5618
5618
5618
5618
5618
5619
5619
5619
5619
5619
5619
5619
5619
5619
5619
5623
5623
5623
5623
5623
5623
5623
5623
5623
5623
5625
5625
5625
5625
5625
5625
5625
5625
5625
5626
5626
5626
5626
5626
5626
5626
5626
5626
5626
5629
5629
5629
5629
5629
5629
5629
5629
5629
5630
5630
5630
5630
5630
5643
5644
5644
5644
5644
5644
5644
5644
5644
5644
5645
5645
5645
5645
5645
5645
5645
5645
5645
5650
5651
5651
5651
5651
5651
5651
5651
5651
5651
5653
5653
5653
5653
5653
5653
5653
5653
5653
5653
5654
5654
5654
5654
5654
5654
5654
5654
5654
5654
5655
5656
5657
5657
5657
5657
5657
5657
5657
5657
5657
5670
5670
5670
5670
5670
5670
5670
5670
5670
5670
5675
5675
5675
5675
5675
5677
5677
5677
5677
5677
5677
5677
5677
5677
5680
5680
5680
5680
5680
5680
5680
5680
5680
5680
5682
5682
5682
5682
5682
5682
5682
5682
5682
5682
5691
5695
5695
5695
5695
5701
5701
5701
5701
5701
5701
5701
5701
5701
5701
5703
5707
5708
5716
5716
5716
5716
5716
5716
5716
5716
5716
5716
5720
5724
5724
5724
5724
5724
5724
5724
5724
5724
5724
5726
5726
5726
5726
5726
5726
5726
5726
5726
5727
5727
5727
5727
5727
5727
5727
5727
5727
5727
5729
5729
5729
5729
5729
5729
5729
5729
5729
5729
5735
5735
5735
5735
5735
5735
5735
5735
5735
5740
5742
5742
5742
5742
5742
5742
5742
5742
5742
5742
5750
5750
5750
5750
5750
5750
5750
5750
5750
5750
5751
5753
5753
5753
5753
5753
5753
5753
5753
5753
5753
5754
5754
5754
5754
5754
5754
5754
5754
5754
5754
5755
5757
5759
5759
5759
5759
5759
5759
5759
5759
5759
5761
5761
5761
5761
5761
5761
5761
5761
5761
5761
5763
5763
5763
5763
5763
5763
5763
5763
5775
5775
5775
5775
5775
5775
5775
5775
5775
5775
5775
5775
5775
5775
5775
5775
5775
5783
5783
5783
5783
5783
5783
5783
5783
5783
5785
5785
5785
5785
5785
5785
5785
5785
5785
5788
5788
5788
5788
5788
5788
5788
5788
5788
5788
5792
5792
5792
5792
5792
5792
5792
5792
5792
5792
5793
5793
5793
5793
5793
5793
5793
5793
5793
5793
5794
5794
5794
5794
5794
5794
5794
5794
5794
5794
5802
5804
5804
5804
5804
5804
5804
5804
5804
5804
5804
5807
5807
5807
5807
5807
5807
5807
5807
5807
5807
5809
5809
5809
5809
5809
5809
5809
5809
5809
5811
5811
5811
5811
5811
5811
5811
5811
5811
5819
5819
5819
5819
5819
5819
5819
5819
5819
5819
5820
5820
5820
5820
5820
5820
5820
5820
5820
5820
5821
5821
5821
5821
5821
5821
5821
5821
5821
5821
5824
5824
5824
5824
5824
5824
5824
5824
5824
5824
5827
5827
5827
5827
5827
5827
5828
5828
5828
5829
5830
5830
5830
5830
5830
5830
5830
5830
5830
5830
5831
5831
5831
5831
5831
5831
5831
5831
5831
5831
5831
5831
5831
5831
5831
5831
5831
5831
5831
5831
5831
5831
5831
5831
5831
5831
5831
5831
5831
5831
5831
5831
5831
5831
5831
5831
5831
5831
5831
5831
5831
5831
5831
5831
5831
5831
5831
5831
5834
5834
5834
5834
5834
5847
5847
5847
5847
5847
5847
5847
5847
5847
5854
5854
5854
5854
5854
5854
5854
5854
5854
5854
5855
5855
5855
5855
5855
5855
5855
5855
5855
5855
5858
5866
5866
5881
5882
5882
5882
5882
5882
5882
5882
5882
5882
5882
5884
5886
5886
5886
5886
5886
5886
5886
5886
5886
5886
5887
5887
5887
5887
5887
5887
5887
5887
5887
5887
5890
5892
5893
5893
5893
5893
5893
5893
5893
5893
5893
5893
5895
5895
5895
5895
5895
5895
5895
5895
5895
5895
5897
5897
5897
5897
5897
5897
5897
5897
5897
5897
5899
5899
5899
5899
5899
5899
5899
5899
5899
5899
5901
5901
5901
5901
5901
5901
5901
5901
5901
5905
5905
5905
5905
5905
5905
5905
5905
5905
5905
5907
5907
5907
5907
5907
5907
5907
5907
5907
5909
5909
5909
5909
5909
5909
5909
5909
5909
5915
5915
5915
5915
5915
5915
5915
5915
5915
5915
5921
5921
5921
5921
5921
5921
5921
5921
5921
5921
5924
5924
5924
5924
5924
5924
5924
5924
5924
5924
5925
5925
5925
5925
5925
5925
5925
5925
5925
5925
5928
5928
5928
5928
5928
5928
5928
5928
5928
5931
5931
5931
5931
5931
5932
5936
5936
5936
5936
5936
5936
5936
5936
5936
5936
5937
5937
5937
5937
5937
5939
5939
5939
5939
5939
5939
5939
5939
5939
5939
5940
5941
5941
5941
5941
5941
5941
5941
5941
5941
5941
5944
5944
5944
5944
5944
5944
5944
5944
5944
5944
5950
5950
5950
5950
5950
5950
5950
5950
5950
5950
5951
5951
5951
5951
5951
5951
5951
5951
5951
5951
5952
5952
5952
5952
5952
5952
5952
5952
5952
5952
5956
5956
5956
5956
5956
5956
5956
5956
5956
5956
5957
5957
5957
5957
5957
5957
5957
5957
5957
5957
5960
5961
5961
5961
5961
5962
5962
5962
5962
5962
5962
5962
5962
5962
5965
5965
5965
5965
5965
5965
5965
5965
5965
5965
5970
5970
5970
5970
5970
5970
5970
5970
5970
5971
5976
5976
5976
5976
5976
5976
5976
5976
5976
5976
5977
5977
5977
5977
5977
5977
5977
5977
5977
5977
5978
5978
5978
5978
5978
5978
5978
5978
5978
5978
5980
5980
5980
5980
5980
5980
5980
5980
5980
5980
5981
5981
5981
5981
5981
5981
5981
5981
5981
5981
5982
5982
5982
5982
5982
5982
5982
5982
5982
5982
5987
5987
5987
5987
5987
5987
5987
5987
5987
5987
5988
5988
5988
5988
5988
5988
5988
5988
5988
5990
5990
5990
5990
5990
5990
5990
5990
5990
5990
5994
5994
5994
5994
5994
5994
5994
5994
5994
5994
5995
6004
6004
6004
6004
6004
6004
6004
6004
6004
6006
6006
6006
6006
6006
6006
6006
6006
6006
6012
6012
6012
6012
6012
6012
6012
6012
6012
6012
6015
6015
6015
6015
6015
6015
6015
6015
6015
6015
6016
6016
6016
6016
6016
6016
6016
6016
6016
6016
6018
6023
6023
6023
6023
6023
6023
6023
6023
6023
6031
6036
6036
6036
6036
6036
6036
6036
6036
6036
6036
6038
6038
6038
6038
6038
6038
6038
6038
6038
6038
6039
6039
6039
6039
6039
6039
6039
6039
6039
6039
6039
6039
6039
6039
6039
6039
6039
6039
6039
6039
6039
6039
6039
6039
6039
6039
6039
6039
6039
6039
6039
6045
6046
6046
6046
6046
6046
6046
6046
6046
6046
6046
6047
6049
6049
6049
6049
6049
6049
6049
6049
6049
6049
6050
6050
6050
6050
6050
6050
6050
6050
6050
6050
6057
6059
6060
6060
6060
6060
6060
6061
6062
6062
6062
6062
6062
6062
6062
6062
6062
6062
6063
6063
6063
6063
6063
6063
6063
6063
6063
6063
6066
6066
6066
6066
6066
6066
6066
6066
6066
6066
6067
6067
6067
6067
6067
6067
6067
6067
6067
6069
6069
6069
6069
6069
6069
6069
6069
6069
6070
6070
6070
6070
6070
6070
6070
6070
6070
6070
6071
6071
6071
6071
6071
6071
6071
6071
6071
6071
6077
6077
6077
6077
6077
6077
6077
6077
6077
6077
6078
6078
6078
6078
6078
6078
6078
6078
6078
6078
6079
6079
6079
6079
6079
6079
6079
6079
6079
6081
6081
6081
6081
6081
6081
6081
6081
6088
6088
6088
6088
6088
6088
6088
6088
6088
6089
6092
6092
6092
6092
6092
6092
6092
6092
6092
6093
6093
6093
6093
6093
6093
6093
6093
6093
6094
6094
6094
6094
6094
6094
6094
6094
6094
6094
6095
6095
6095
6095
6095
6095
6095
6095
6095
6095
6096
6099
6099
6099
6099
6099
6099
6099
6099
6099
6099
6102
6102
6102
6102
6102
6102
6102
6102
6102
6105
6108
6108
6108
6108
6108
6108
6108
6108
6108
6108
6110
6110
6110
6110
6110
6110
6110
6110
6110
6110
6111
6111
6111
6111
6111
6111
6111
6111
6111
6114
6114
6114
6114
6114
6114
6114
6114
6114
6114
6123
6123
6123
6123
6123
6123
6123
6123
6123
6123
6124
6124
6124
6124
6124
6124
6124
6124
6124
6124
6125
6125
6125
6125
6125
6125
6125
6125
6125
6125
6132
6132
6132
6132
6132
6132
6132
6132
6132
6132
6134
6138
6138
6138
6138
6138
6138
6138
6138
6138
6138
6139
6139
6139
6139
6139
6139
6139
6139
6139
6139
6139
6139
6139
6139
6139
6139
6139
6139
6139
6139
6139
6139
6139
6139
6139
6139
6139
6139
6139
6139
6139
6139
6139
6139
6139
6139
6139
6139
6139
6139
6139
6141
6141
6141
6141
6141
6141
6141
6141
6141
6141
6152
6152
6152
6152
6152
6152
6152
6152
6152
6152
6155
6155
6155
6155
6155
6155
6155
6155
6155
6163
6163
6163
6163
6163
6163
6163
6163
6163
6163
6165
6165
6165
6165
6165
6165
6165
6165
6165
6165
6169
6169
6169
6169
6169
6169
6169
6169
6169
6169
6170
6170
6170
6170
6170
6170
6170
6170
6170
6170
6171
6171
6171
6171
6171
6171
6171
6171
6171
6171
6174
6174
6174
6174
6174
6174
6174
6174
6174
6174
6175
6175
6175
6175
6175
6175
6175
6175
6175
6180
6180
6180
6180
6180
6180
6180
6180
6180
6180
6181
6181
6181
6181
6181
6181
6181
6181
6181
6181
6186
6186
6186
6186
6186
6186
6186
6186
6186
6186
6187
6191
6193
6193
6193
6193
6193
6193
6193
6193
6193
6194
6194
6194
6194
6196
6196
6196
6196
6196
6196
6196
6196
6196
6196
6229
6229
6229
6229
6229
6229
6229
6229
6229
6229
6234
6239
6239
6239
6239
6239
6239
6239
6239
6239
6239
6241
6241
6241
6241
6241
6241
6241
6241
6241
6241
6243
6244
6244
6245
6245
6245
6245
6245
6245
6245
6245
6245
6245
6249
6249
6249
6249
6249
6249
6249
6249
6249
6249
6251
6251
6251
6251
6251
6251
6251
6251
6251
6251
6252
6252
6252
6252
6252
6252
6252
6252
6252
6252
6255
6258
6258
6258
6258
6258
6258
6258
6258
6258
6258
6262
6262
6262
6262
6262
6262
6262
6262
6262
6264
6264
6264
6264
6264
6264
6264
6264
6264
6264
6266
6266
6266
6266
6266
6266
6266
6266
6266
6266
6269
6269
6269
6269
6269
6269
6269
6269
6273
6273
6273
6273
6273
6273
6273
6273
6273
6276
6276
6276
6276
6276
6276
6276
6276
6276
6276
6277
6277
6277
6277
6277
6279
6279
6279
6279
6279
6279
6279
6279
6279
6279
6282
6282
6288
6288
6288
6288
6288
6293
6293
6293
6293
6293
6293
6293
6293
6293
6293
6296
6296
6296
6296
6296
6296
6296
6296
6296
